0 464 1392 1160 348 928 348 1740 1392 812 1276 11 232 348 696 232 1044 1508 1392 812 1160 1160 1276 1160 1392 928 349 2088 1508 697 120 1508 1624 1392 1160 929 813 1392 1508 1624 697 1856 1277 2088 2320 2436 1509 2320 1973 126 698 127 1973 1625 352 698 1161 1857 3133 2553 2437 2669 5452 1857 1741 469 2553 3017 3829 3829 3829 1626 2437 2205 2785 1973 1510 1278 700 471 1626 1626 1163 1626 7076 7193 7077 7193 3945 2206 2322 4293 4757 3365 4177 5801 4525 9049 4525 1396 153 1049 2554 6613 589 819 8701 934 5801 5685 4525 3598 1975 820 366 2323 1166 2207 6381 592 706 1860 4178 369 3830 1629 6613
464 0 1856 1624 116 1392 812 2204 1856 1276 1740 464 696 117 1160 232 1508 1972 1856 1276 1624 1624 1740 1624 928 465 119 1624 1044 234 349 1044 1160 929 697 465 350 929 1045 1161 235 1393 813 1625 1856 1972 1045 1857 1509 351 237 352 1509 1161 128 238 698 2321 3596 3017 2901 3133 5916 2321 2205 930 3017 3481 4293 4293 4293 2089 2901 2669 3249 2437 1973 1742 1163 931 2089 2090 1626 2090 7540 7656 7540 7656 4409 2669 2785 4757 4293 2901 3713 6265 4061 8585 4989 1859 362 1511 2090 7077 1049 1280 8237 1396 6265 6149 4061 3134 2439 1281 820 2786 1628 1744 6845 1051 261 1397 3714 168 4294 2092 6149
1392 1856 0 232 1740 464 1044 348 6 580 116 1392 1160 1740 696 1624 348 117 16 580 233 233 118 233 2784 2320 1740 3480 2900 2088 1508 2900 3016 2784 2552 2320 2204 2784 2900 3016 2088 3248 2668 3480 3712 3828 2900 3712 3364 1509 2089 1509 3364 3016 1741 2089 2553 467 1741 1161 1046 1277 4060 468 353 930 1162 1625 2437 2437 2437 242 1046 815 1394 585 138 138 700 931 245 245 245 246 5685 5801 5685 5801 2553 817 932 2901 6149 4757 5569 4409 5917 10440 3133 97 1511 362 3945 5221 818 589 10093 476 4409 4293 5917 4989 590 591 1050 935 258 3598 4989 820 2091 3250 5569 1744 2439 263 8005
1160 1624 232 0 1508 232 812 580 232 348 116 1160 928 1508 464 1392 117 348 232 348 17 18 118 20 2552 2088 1508 3248 2668 1856 1276 2668 2784 2552 2320 2088 1972 2552 2668 2784 1856 3016 2436 3248 3480 3596 2668 3480 3132 1277 1857 1277 3132 2784 1509 1857 2321 698 1973 1393 1277 1509 4292 699 583 699 1393 1857 2669 2669 2669 469 1278 1046 1626 815 356 138 470 700 470 471 79 471 5917 6033 5917 6033 2785 1048 1163 3133 5917 4525 5337 4641 5685 10208 3365 251 1280 152 3713 5453 589 363 9861 254 4641 4525 5685 4757 819 365 820 1165 113 3366 5221 591 1860 3018 5337 1513 2671 480 7773
348 116 1740 1508 0 1276 696 2088 1740 1160 1624 348 580 9 1044 117 1392 1856 1740 1160 1508 1508 1624 1508 1044 580 22 1740 1160 349 233 1160 1276 1044 813 581 465 1045 1160 1276 350 1508 929 1740 1972 2088 1161 1972 1625 236 351 237 1625 1277 50 352 814 2205 3480 2901 2785 3017 5800 2205 2089 814 2901 3365 4176 4177 4177 1973 2785 2553 3133 2321 1857 1626 1047 815 1973 1974 1510 1974 7424 7540 7424 7540 4293 2553 2669 4641 4409 3017 3829 6149 4177 8700 4873 1743 251 1395 2206 6961 933 1164 8353 1280 6149 6033 4177 3250 2323 1165 705 2670 1512 1859 6729 935 367 1513 3830 119 4178 1976 6265
928 1392 464 232 1276 0 580 812 464 116 348 928 696 1276 232 1160 117 580 464 117 232 233 348 233 2320 1856 1276 3016 2436 1624 1044 2436 2552 2320 2088 1856 1740 2320 2436 2552 1624 2784 2204 3016 3248 3364 2436 3248 2900 1045 1625 1045 2900 2552 1277 1625 2089 929 2205 1625 1509 1741 4524 930 814 468 1625 2089 2901 2901 2901 699 1509 1278 1857 1046 584 355 243 470 700 700 244 700 6149 6265 6149 6265 3017 1279 1395 3365 5685 4293 5105 4873 5453 9976 3597 473 1048 151 3481 5685 362 153 9629 102 4873 4757 5453 4525 1049 158 590 1396 257 3134 5453 366 1628 2786 5105 1281 2902 706 7541
348 812 1044 812 696 580 0 1392 1044 464 928 348 116 696 348 580 696 1160 1044 464 812 812 928 812 1740 1276 696 2436 1856 1044 465 1856 1972 1740 1508 1276 1160 1740 1856 1972 1045 2204 1624 2436 2668 2784 1856 2668 2320 466 1045 466 2320 1973 698 1045 1509 1509 2784 2205 2089 2321 5104 1509 1393 130 2205 2669 3481 3481 3481 1278 2089 1857 2437 1625 1162 931 355 137 1278 1278 816 1278 6728 6844 6728 6844 3597 1858 1974 3945 5105 3713 4525 5453 4873 9396 4177 1048 473 702 2902 6265 252 474 9049 589 5453 5337 4873 3945 1627 476 108 1975 819 2554 6033 258 1050 2207 4525 706 3482 1282 6961
1740 2204 348 580 2088 812 1392 0 348 928 464 1740 1508 2088 1044 1972 696 232 348 928 580 580 464 580 3132 2668 2088 3828 3248 2436 1856 3248 3364 3132 2900 2668 2552 3132 3248 3364 2436 3596 3016 3828 4060 4176 3248 4060 3712 1856 2436 1857 3712 3364 2089 2436 2900 126 1393 814 698 930 3712 129 57 1277 814 1277 2089 2089 2089 132 699 469 1046 242 242 469 1046 1278 137 138 585 139 5337 5453 5337 5453 2205 471 586 2553 6497 5105 5917 4061 6265 10788 2785 360 1858 702 4293 4873 1164 933 10440 818 4061 3945 6265 5337 255 934 1396 590 590 3946 4641 1165 2439 3598 5917 2091 2091 165 8353
1392 1856 6 232 1740 464 1044 348 0 580 116 1392 1160 1740 696 1624 348 116 10 580 232 232 117 232 2784 2320 1740 3480 2900 2088 1508 2900 3016 2784 2552 2320 2204 2784 2900 3016 2088 3248 2668 3480 3712 3828 2900 3712 3364 1509 2088 1509 3364 3016 1741 2089 2552 467 1741 1161 1045 1277 4060 467 352 930 1161 1625 2437 2437 2437 240 1046 815 1394 584 134 135 700 931 243 243 244 244 5685 5801 5685 5801 2553 816 932 2901 6149 4757 5569 4409 5917 10440 3133 91 1511 360 3945 5221 818 588 10092 474 4409 4293 5917 4989 589 589 1049 934 256 3598 4989 820 2091 3250 5569 1744 2439 260 8005
812 1276 580 348 1160 116 464 928 580 0 464 812 580 1160 116 1044 232 696 580 10 348 348 464 348 2204 1740 1160 2900 2320 1508 928 2320 2436 2204 1972 1740 1624 2204 2320 2436 1508 2668 2088 2900 3132 3248 2320 3132 2784 929 1509 929 2784 2436 1161 1509 1973 1045 2321 1741 1625 1857 4640 1045 930 352 1741 2205 3017 3017 3017 814 1625 1393 1973 1162 699 469 135 355 815 815 356 815 6264 6380 6264 6380 3133 1394 1510 3481 5569 4177 4989 4989 5337 9860 3713 587 932 250 3365 5801 251 96 9512 152 4989 4873 5337 4409 1165 104 476 1512 364 3018 5569 257 1512 2670 4989 1166 3018 820 7425
1276 1740 116 116 1624 348 928 464 116 464 0 1276 1044 1624 580 1508 232 232 116 464 116 117 12 117 2668 2204 1624 3364 2784 1972 1392 2784 2900 2668 2436 2204 2088 2668 2784 2900 1972 3132 2552 3364 3596 3712 2784 3596 3248 1393 1972 1393 3248 2900 1625 1973 2436 582 1857 1277 1161 1393 4176 582 467 814 1277 1741 2553 2553 2553 353 1162 930 1509 699 241 67 584 815 355 355 137 356 5800 5916 5800 5917 2669 931 1047 3017 6033 4641 5453 4525 5801 10324 3249 146 1395 249 3829 5337 702 474 9976 361 4525 4409 5801 4873 703 475 934 1049 157 3482 5105 704 1975 3134 5453 1628 2555 367 7889
11 464 1392 1160 348 928 348 1740 1392 812 1276 0 232 348 696 232 1044 1508 1392 812 1160 1160 1276 1160 1392 928 348 2088 1508 696 118 1508 1624 1392 1160 928 812 1392 1508 1624 697 1856 1276 2088 2320 2436 1508 2320 1972 122 697 123 1972 1625 351 697 1161 1857 3132 2552 2436 2668 5452 1857 1741 467 2553 3017 3828 3828 3828 1625 2437 2205 2785 1973 1509 1278 699 469 1625 1626 1162 1626 7076 7192 7076 7192 3945 2205 2321 4293 4757 3365 4177 5801 4525 9048 4525 1395 146 1048 2554 6613 587 817 8701 933 5801 5685 4525 3597 1975 818 363 2322 1165 2207 6381 590 704 1859 4177 366 3830 1628 6613
232 696 1160 928 580 696 116 1508 1160 580 1044 232 0 580 464 464 812 1276 1160 580 928 928 1044 928 1624 1160 580 2320 1740 928 348 1740 1856 1624 1392 1160 1044 1624 1740 1856 928 2088 1508 2320 2552 2668 1740 2552 2204 350 929 350 2204 1856 582 929 1393 1625 2900 2320 2205 2436 5220 1625 1509 238 2321 2785 3596 3596 3596 1393 2205 1973 2553 1741 1278 1046 469 241 1394 1394 931 1394 6844 6960 6844 6960 3713 1974 2089 4061 4989 3597 4409 5569 4757 9280 4293 1163 359 817 2785 6381 360 587 8932 702 5569 5453 4757 3829 1743 589 154 2091 934 2438 6149 364 934 2091 4409 591 3598 1397 6845
348 117 1740 1508 9 1276 696 2088 1740 1160 1624 348 580 0 1044 116 1392 1856 1740 1160 1508 1508 1624 1508 1044 580 13 1740 1160 348 233 1160 1276 1044 812 580 465 1044 1160 1276 349 1508 928 1740 1972 2088 1160 1972 1624 235 350 235 1624 1277 41 351 813 2204 3480 2900 2784 3016 5800 2205 2089 814 2900 3364 4176 4176 4176 1973 2785 2553 3133 2321 1857 1625 1046 815 1973 1973 1510 1973 7424 7540 7424 7540 4293 2553 2669 4641 4409 3017 3829 6149 4177 8700 4873 1742 248 1395 2206 6961 932 1164 8353 1279 6149 6033 4177 3249 2322 1164 703 2670 1512 1859 6729 934 364 1512 3830 110 4177 1975 6265
696 1160 696 464 1044 232 348 1044 696 116 580 696 464 1044 0 928 348 812 696 116 464 464 580 464 2088 1624 1044 2784 2204 1392 812 2204 2320 2088 1856 1624 1508 2088 2204 2320 1392 2552 1972 2784 3016 3132 2204 3016 2668 813 1392 813 2668 2320 1045 1393 1856 1161 2436 1857 1741 1973 4756 1161 1045 238 1857 2321 3132 3132 3133 930 1741 1509 2089 1277 814 583 64 241 930 930 469 931 6380 6496 6380 6496 3249 1510 1626 3597 5453 4061 4873 5105 5221 9744 3829 701 817 359 3249 5917 147 147 9396 250 5105 4989 5221 4293 1280 153 362 1627 475 2902 5685 156 1396 2554 4873 1050 3134 935 7309
232 232 1624 1392 117 1160 580 1972 1624 1044 1508 232 464 116 928 0 1276 1740 1624 1044 1392 1392 1508 1392 1160 696 117 1856 1276 464 117 1276 1392 1160 928 696 580 1160 1276 1392 465 1624 1044 1856 2088 2204 1276 2088 1740 121 465 121 1740 1393 122 466 929 2088 3364 2784 2668 2900 5684 2089 1973 698 2784 3248 4060 4060 4060 1857 2669 2437 3017 2205 1741 1509 930 699 1857 1857 1394 1857 7308 7424 7308 7424 4177 2437 2553 4525 4525 3133 3945 6033 4293 8816 4757 1626 144 1279 2322 6845 817 1048 8468 1164 6033 5917 4293 3365 2206 1049 588 2554 1396 1975 6613 819 476 1627 3945 158 4061 1859 6381
1044 1508 348 117 1392 117 696 696 348 232 232 1044 812 1392 348 1276 0 464 348 232 116 116 232 116 2436 1972 1392 3132 2552 1740 1160 2552 2668 2436 2204 1972 1856 2436 2552 2668 1740 2900 2320 3132 3364 3480 2552 3364 3016 1160 1740 1161 3016 2668 1393 1740 2204 813 2088 1509 1393 1625 4408 813 698 582 1509 1973 2784 2785 2785 583 1393 1161 1741 930 468 240 353 583 584 584 133 584 6032 6148 6032 6148 2901 1162 1278 3249 5800 4409 5221 4757 5569 10092 3481 358 1163 85 3597 5569 472 248 9744 147 4757 4641 5569 4641 933 251 703 1280 153 3250 5337 475 1743 2902 5221 1396 2786 590 7657
1508 1972 117 348 1856 580 1160 232 116 696 232 1508 1276 1856 812 1740 464 0 116 696 348 348 232 348 2900 2436 1856 3596 3016 2204 1624 3016 3132 2900 2668 2436 2320 2900 3016 3132 2204 3364 2784 3596 3828 3944 3016 3828 3480 1624 2204 1624 3480 3132 1856 2204 2668 350 1625 1045 929 1161 3944 351 237 1045 1045 1509 2321 2321 2321 128 930 698 1277 468 59 240 814 1046 132 132 354 133 5568 5684 5568 5684 2437 700 815 2785 6264 4873 5685 4293 6033 10556 3017 142 1626 472 4061 5105 932 702 10208 587 4293 4177 6033 5105 474 703 1164 818 362 3713 4873 934 2206 3366 5685 1859 2322 158 8121
1392 1856 16 232 1740 464 1044 348 10 580 116 1392 1160 1740 696 1624 348 116 0 580 232 232 116 232 2784 2320 1740 3480 2900 2088 1508 2900 3016 2784 2552 2320 2204 2784 2900 3016 2088 3248 2668 3480 3712 3828 2900 3712 3364 1508 2088 1508 3364 3016 1740 2088 2552 466 1740 1161 1045 1277 4060 466 351 929 1161 1625 2437 2437 2437 238 1045 814 1393 583 130 130 699 930 240 240 241 241 5684 5800 5684 5800 2553 815 931 2901 6148 4757 5569 4409 5917 10440 3133 81 1510 358 3945 5221 817 586 10092 472 4409 4293 5917 4989 588 588 1048 933 252 3597 4989 818 2090 3250 5569 1743 2438 255 8005
812 1276 580 348 1160 117 464 928 580 10 464 812 580 1160 116 1044 232 696 580 0 348 348 464 348 2204 1740 1160 2900 2320 1508 928 2320 2436 2204 1972 1740 1624 2204 2320 2436 1508 2668 2088 2900 3132 3248 2320 3132 2784 928 1508 929 2784 2436 1161 1508 1972 1045 2320 1740 1625 1856 4640 1045 929 351 1741 2205 3016 3016 3016 814 1625 1393 1973 1161 698 468 130 353 814 814 354 815 6264 6380 6264 6380 3133 1394 1510 3481 5568 4177 4989 4989 5337 9860 3713 585 932 246 3365 5801 247 86 9512 146 4989 4873 5337 4409 1164 94 474 1511 361 3018 5569 253 1511 2670 4989 1165 3018 819 7425
1160 1624 233 17 1508 232 812 580 232 348 116 1160 928 1508 464 1392 116 348 232 348 0 1 116 3 2552 2088 1508 3248 2668 1856 1276 2668 2784 2552 2320 2088 1972 2552 2668 2784 1856 3016 2436 3248 3480 3596 2668 3480 3132 1276 1856 1276 3132 2784 1508 1856 2320 697 1972 1393 1277 1509 4292 697 582 697 1393 1857 2668 2668 2668 467 1277 1045 1625 814 352 129 468 698 468 468 62 468 5916 6032 5916 6032 2785 1046 1162 3133 5916 4525 5337 4641 5685 10208 3365 245 1279 141 3713 5453 586 358 9860 248 4641 4525 5685 4757 817 360 817 1164 96 3365 5221 588 1859 3018 5337 1512 2670 476 7773
1160 1624 233 18 1508 233 812 580 232 348 117 1160 928 1508 464 1392 116 348 232 348 1 0 116 2 2552 2088 1508 3248 2668 1856 1276 2668 2784 2552 2320 2088 1972 2552 2668 2784 1856 3016 2436 3248 3480 3596 2668 3480 3132 1276 1856 1276 3132 2784 1508 1856 2320 697 1972 1393 1277 1509 4292 697 582 697 1393 1857 2668 2668 2668 467 1277 1045 1625 814 352 129 467 698 468 468 61 468 5916 6032 5916 6032 2785 1046 1162 3133 5916 4525 5336 4641 5684 10208 3365 245 1278 141 3713 5453 586 358 9860 247 4641 4525 5685 4757 817 360 817 1164 95 3365 5221 588 1859 3018 5337 1511 2670 476 7773
1276 1740 118 118 1624 348 928 464 117 464 12 1276 1044 1624 580 1508 232 232 116 464 116 116 0 116 2668 2204 1624 3364 2784 1972 1392 2784 2900 2668 2436 2204 2088 2668 2784 2900 1972 3132 2552 3364 3596 3712 2784 3596 3248 1392 1972 1392 3248 2900 1624 1972 2436 581 1856 1277 1161 1393 4176 581 466 813 1277 1741 2552 2552 2552 351 1161 929 1509 698 238 55 583 814 353 353 131 353 5800 5916 5800 5916 2669 930 1046 3017 6032 4641 5452 4525 5800 10324 3249 139 1394 245 3829 5337 701 471 9976 358 4525 4409 5801 4873 702 473 933 1048 149 3481 5105 703 1974 3134 5453 1627 2554 363 7889
1160 1624 233 20 1508 233 812 580 232 348 117 1160 928 1508 464 1392 116 348 232 348 3 2 116 0 2552 2088 1508 3248 2668 1856 1276 2668 2784 2552 2320 2088 1972 2552 2668 2784 1856 3016 2436 3248 3480 3596 2668 3480 3132 1276 1856 1276 3132 2784 1508 1856 2320 697 1972 1392 1277 1508 4292 697 581 697 1393 1857 2668 2668 2668 466 1277 1045 1625 814 352 128 467 698 467 468 59 468 5916 6032 5916 6032 2785 1046 1162 3133 5916 4525 5336 4641 5684 10208 3365 244 1278 140 3713 5453 586 358 9860 247 4641 4525 5685 4757 817 359 817 1164 93 3365 5221 588 1859 3018 5337 1511 2670 475 7773
1392 928 2784 2552 1044 2320 1740 3132 2784 2204 2668 1392 1624 1044 2088 1160 2436 2900 2784 2204 2552 2552 2668 2552 0 464 1044 696 116 696 1276 116 232 9 232 464 580 13 117 232 696 464 117 696 928 1044 118 928 580 1276 696 1276 581 234 1044 697 234 3248 4524 3944 3828 4060 6844 3248 3132 1856 3944 4408 5220 5220 5220 3016 3828 3596 4176 3364 2900 2669 2089 1857 3017 3017 2553 3017 8468 8584 8468 8584 5336 3597 3713 5684 3365 1973 2785 7192 3133 7656 5916 2785 1278 2437 1163 8004 1974 2205 7308 2321 7192 7077 3133 2206 3365 2206 1742 3713 2554 817 7773 1974 703 474 2786 1049 5221 3018 5221
928 465 2320 2088 580 1856 1276 2668 2320 1740 2204 928 1160 580 1624 696 1972 2436 2320 1740 2088 2088 2204 2088 464 0 580 1160 580 232 812 580 696 464 232 10 117 464 580 696 232 928 348 1160 1392 1508 580 1392 1044 812 233 812 1044 697 581 234 234 2784 4060 3480 3364 3596 6380 2784 2668 1393 3480 3944 4756 4756 4756 2552 3364 3132 3712 2900 2437 2205 1625 1393 2553 2553 2089 2553 8004 8120 8004 8120 4872 3133 3249 5220 3829 2437 3249 6728 3597 8120 5452 2321 815 1973 1626 7540 1510 1742 7772 1858 6729 6613 3597 2669 2901 1742 1279 3249 2090 1279 7309 1511 251 933 3249 588 4757 2554 5685
349 119 1740 1508 22 1276 696 2088 1740 1160 1624 348 580 13 1044 117 1392 1856 1740 1160 1508 1508 1624 1508 1044 580 0 1740 1160 348 232 1160 1276 1044 812 580 464 1044 1160 1276 348 1508 928 1740 1972 2088 1160 1972 1624 233 349 233 1624 1276 28 349 813 2204 3480 2900 2784 3016 5800 2204 2088 813 2900 3364 4176 4176 4176 1973 2784 2552 3132 2321 1857 1625 1045 814 1973 1973 1509 1973 7424 7540 7424 7540 4292 2553 2669 4640 4408 3017 3829 6148 4177 8700 4873 1742 244 1394 2205 6960 931 1163 8352 1279 6149 6033 4177 3249 2322 1163 702 2669 1511 1858 6729 933 360 1511 3829 97 4177 1974 6265
2088 1624 3480 3248 1740 3016 2436 3828 3480 2900 3364 2088 2320 1740 2784 1856 3132 3596 3480 2900 3248 3248 3364 3248 696 1160 1740 0 580 1392 1972 580 464 696 928 1160 1276 696 580 464 1392 232 812 16 233 348 580 233 118 1972 1392 1972 119 465 1740 1392 928 3944 5220 4640 4524 4756 7540 3944 3828 2552 4640 5104 5916 5916 5916 3712 4524 4292 4872 4060 3596 3364 2784 2553 3712 3712 3248 3712 9164 9280 9164 9280 6032 4292 4408 6380 2669 1278 2089 7888 2437 6960 6612 3481 1973 3133 470 8700 2669 2901 6612 3017 7888 7772 2437 1510 4061 2901 2438 4409 3249 147 8468 2670 1395 250 2090 1743 5917 3713 4525
1508 1044 2900 2668 1160 2436 1856 3248 2900 2320 2784 1508 1740 1160 2204 1276 2552 3016 2900 2320 2668 2668 2784 2668 116 580 1160 580 0 812 1392 3 116 116 348 580 696 116 10 117 812 348 232 580 812 928 18 812 464 1392 812 1392 465 119 1160 812 349 3364 4640 4060 3944 4176 6960 3364 3248 1972 4060 4524 5336 5336 5336 3132 3944 3712 4292 3480 3016 2784 2205 1973 3132 3132 2669 3132 8584 8700 8584 8700 5452 3713 3829 5800 3249 1857 2669 7308 3017 7540 6032 2901 1394 2553 1047 8120 2089 2321 7192 2437 7308 7192 3017 2090 3481 2322 1858 3829 2669 702 7889 2090 817 360 2670 1164 5337 3134 5105
697 234 2088 1856 349 1624 1044 2436 2088 1508 1972 696 928 348 1392 464 1740 2204 2088 1508 1856 1856 1972 1856 696 232 348 1392 812 0 580 812 928 696 464 232 116 696 812 928 11 1160 580 1392 1624 1740 812 1624 1276 580 21 580 1276 928 349 26 465 2552 3828 3248 3132 3364 6148 2552 2436 1161 3248 3712 4524 4524 4524 2320 3132 2900 3480 2668 2205 1973 1393 1161 2321 2321 1857 2321 7772 7888 7772 7888 4640 2901 3017 4988 4060 2669 3481 6496 3829 8352 5220 2089 584 1741 1857 7308 1278 1510 8004 1626 6496 6381 3829 2901 2669 1510 1047 3017 1858 1511 7077 1279 91 1164 3481 360 4525 2322 5917
120 349 1508 1276 233 1044 465 1856 1508 928 1392 118 348 233 812 117 1160 1624 1508 928 1276 1276 1392 1276 1276 812 232 1972 1392 580 0 1392 1508 1276 1044 812 696 1276 1392 1508 580 1740 1160 1972 2204 2320 1392 2204 1856 19 580 21 1856 1508 233 581 1044 1972 3248 2668 2552 2784 5568 1972 1856 581 2668 3132 3944 3944 3944 1740 2552 2320 2900 2088 1625 1393 813 582 1741 1741 1277 1741 7192 7308 7192 7308 4060 2321 2437 4408 4640 3249 4061 5916 4408 8932 4640 1510 70 1162 2437 6728 700 931 8584 1047 5917 5801 4409 3481 2090 932 472 2437 1279 2090 6497 702 587 1742 4061 250 3945 1743 6497
1508 1044 2900 2668 1160 2436 1856 3248 2900 2320 2784 1508 1740 1160 2204 1276 2552 3016 2900 2320 2668 2668 2784 2668 116 580 1160 580 3 812 1392 0 116 116 348 580 696 116 7 116 812 348 232 580 812 928 15 812 464 1392 812 1392 464 118 1160 812 349 3364 4640 4060 3944 4176 6960 3364 3248 1972 4060 4524 5336 5336 5336 3132 3944 3712 4292 3480 3016 2784 2205 1973 3132 3132 2668 3132 8584 8700 8584 8700 5452 3712 3828 5800 3249 1857 2669 7308 3017 7540 6032 2901 1394 2553 1046 8120 2089 2321 7192 2437 7308 7192 3017 2090 3481 2321 1858 3829 2669 701 7888 2090 817 359 2670 1164 5337 3133 5105
1624 1160 3016 2784 1276 2552 1972 3364 3016 2436 2900 1624 1856 1276 2320 1392 2668 3132 3016 2436 2784 2784 2900 2784 232 696 1276 464 116 928 1508 116 0 232 464 696 812 232 116 7 928 232 348 464 696 812 117 696 348 1508 928 1508 349 21 1276 928 465 3480 4756 4176 4060 4292 7076 3480 3364 2088 4176 4640 5452 5452 5452 3248 4060 3828 4408 3596 3132 2900 2320 2089 3248 3248 2784 3248 8700 8816 8700 8816 5568 3828 3944 5916 3133 1741 2553 7424 2901 7424 6148 3017 1510 2669 931 8236 2205 2437 7076 2553 7424 7308 2901 1974 3597 2437 1974 3945 2785 586 8004 2206 932 248 2554 1279 5453 3249 4989
1392 929 2784 2552 1044 2320 1740 3132 2784 2204 2668 1392 1624 1044 2088 1160 2436 2900 2784 2204 2552 2552 2668 2552 9 464 1044 696 116 696 1276 116 232 0 232 464 580 4 116 232 696 464 116 696 928 1044 117 928 580 1276 696 1276 580 233 1044 696 233 3248 4524 3944 3828 4060 6844 3248 3132 1856 3944 4408 5220 5220 5220 3016 3828 3596 4176 3364 2900 2668 2088 1857 3016 3016 2552 3016 8468 8584 8468 8584 5336 3596 3712 5684 3365 1973 2785 7192 3133 7656 5916 2785 1278 2437 1162 8004 1973 2205 7308 2321 7192 7076 3133 2205 3365 2205 1742 3713 2553 816 7772 1974 701 472 2785 1048 5221 3017 5221
1160 697 2552 2320 813 2088 1508 2900 2552 1972 2436 1160 1392 812 1856 928 2204 2668 2552 1972 2320 2320 2436 2320 232 232 812 928 348 464 1044 348 464 232 0 232 348 232 348 464 464 696 116 928 1160 1276 348 1160 812 1044 464 1044 812 464 812 464 22 3016 4292 3712 3596 3828 6612 3016 2900 1624 3712 4176 4988 4988 4988 2784 3596 3364 3944 3132 2668 2436 1857 1625 2784 2784 2320 2784 8236 8352 8236 8352 5104 3364 3480 5452 3596 2205 3017 6960 3365 7888 5684 2553 1046 2205 1394 7772 1741 1973 7540 2089 6960 6844 3365 2437 3133 1974 1510 3481 2321 1047 7540 1742 472 701 3017 817 4989 2785 5453
929 465 2320 2088 581 1856 1276 2668 2320 1740 2204 928 1160 580 1624 696 1972 2436 2320 1740 2088 2088 2204 2088 464 10 580 1160 580 232 812 580 696 464 232 0 116 464 580 696 232 928 348 1160 1392 1508 580 1392 1044 812 232 812 1044 696 580 233 233 2784 4060 3480 3364 3596 6380 2784 2668 1392 3480 3944 4756 4756 4756 2552 3364 3132 3712 2900 2436 2204 1625 1393 2552 2552 2089 2552 8004 8120 8004 8120 4872 3132 3248 5220 3828 2437 3249 6728 3597 8120 5452 2321 815 1973 1625 7540 1510 1741 7772 1857 6728 6612 3597 2669 2901 1742 1278 3249 2090 1279 7308 1510 247 932 3249 587 4757 2554 5685
813 350 2204 1972 465 1740 1160 2552 2204 1624 2088 812 1044 465 1508 580 1856 2320 2204 1624 1972 1972 2088 1972 580 117 464 1276 696 116 696 696 812 580 348 116 0 580 696 812 116 1044 464 1276 1508 1624 696 1508 1160 696 117 696 1160 812 464 118 349 2668 3944 3364 3248 3480 6264 2668 2552 1276 3364 3828 4640 4640 4640 2436 3248 3016 3596 2784 2320 2088 1509 1277 2436 2436 1973 2436 7888 8004 7888 8004 4756 3016 3132 5104 3944 2553 3364 6612 3712 8236 5336 2205 699 1857 1741 7424 1394 1625 7888 1741 6612 6496 3713 2785 2785 1626 1163 3133 1974 1394 7192 1394 143 1047 3365 472 4641 2438 5801
1392 929 2784 2552 1045 2320 1740 3132 2784 2204 2668 1392 1624 1044 2088 1160 2436 2900 2784 2204 2552 2552 2668 2552 13 464 1044 696 116 696 1276 116 232 4 232 464 580 0 116 232 696 464 116 696 928 1044 116 928 580 1276 696 1276 580 233 1044 696 233 3248 4524 3944 3828 4060 6844 3248 3132 1856 3944 4408 5220 5220 5220 3016 3828 3596 4176 3364 2900 2668 2088 1856 3016 3016 2552 3016 8468 8584 8468 8584 5336 3596 3712 5684 3364 1973 2785 7192 3133 7656 5916 2785 1278 2437 1162 8004 1973 2205 7308 2321 7192 7076 3133 2205 3365 2205 1742 3713 2553 816 7772 1974 701 472 2785 1048 5221 3017 5221
1508 1045 2900 2668 1160 2436 1856 3248 2900 2320 2784 1508 1740 1160 2204 1276 2552 3016 2900 2320 2668 2668 2784 2668 117 580 1160 580 10 812 1392 7 116 116 348 580 696 116 0 116 812 348 232 580 812 928 8 812 464 1392 812 1392 464 117 1160 812 348 3364 4640 4060 3944 4176 6960 3364 3248 1972 4060 4524 5336 5336 5336 3132 3944 3712 4292 3480 3016 2784 2204 1972 3132 3132 2668 3132 8584 8700 8584 8700 5452 3712 3828 5800 3248 1857 2669 7308 3017 7540 6032 2901 1393 2553 1046 8120 2089 2321 7192 2437 7308 7192 3017 2089 3481 2321 1858 3829 2669 700 7888 2090 816 358 2669 1163 5337 3133 5105
1624 1161 3016 2784 1276 2552 1972 3364 3016 2436 2900 1624 1856 1276 2320 1392 2668 3132 3016 2436 2784 2784 2900 2784 232 696 1276 464 117 928 1508 116 7 232 464 696 812 232 116 0 928 232 348 464 696 812 116 696 348 1508 928 1508 348 14 1276 928 464 3480 4756 4176 4060 4292 7076 3480 3364 2088 4176 4640 5452 5452 5452 3248 4060 3828 4408 3596 3132 2900 2320 2088 3248 3248 2784 3248 8700 8816 8700 8816 5568 3828 3944 5916 3132 1741 2553 7424 2901 7424 6148 3017 1509 2669 930 8236 2205 2437 7076 2553 7424 7308 2901 1973 3597 2437 1973 3945 2785 585 8004 2205 932 246 2553 1279 5453 3249 4989
697 235 2088 1856 350 1624 1045 2436 2088 1508 1972 697 928 349 1392 465 1740 2204 2088 1508 1856 1856 1972 1856 696 232 348 1392 812 11 580 812 928 696 464 232 116 696 812 928 0 1160 580 1392 1624 1740 812 1624 1276 580 10 580 1276 928 348 15 464 2552 3828 3248 3132 3364 6148 2552 2436 1160 3248 3712 4524 4524 4524 2320 3132 2900 3480 2668 2204 1972 1393 1161 2320 2320 1856 2320 7772 7888 7772 7888 4640 2900 3016 4988 4060 2669 3480 6496 3828 8352 5220 2089 583 1741 1857 7308 1278 1509 8004 1625 6496 6380 3829 2901 2669 1510 1047 3017 1858 1510 7076 1278 80 1163 3481 358 4525 2322 5917
1856 1393 3248 3016 1508 2784 2204 3596 3248 2668 3132 1856 2088 1508 2552 1624 2900 3364 3248 2668 3016 3016 3132 3016 464 928 1508 232 348 1160 1740 348 232 464 696 928 1044 464 348 232 1160 0 580 232 464 580 348 464 116 1740 1160 1740 117 232 1508 1160 696 3712 4988 4408 4292 4524 7308 3712 3596 2320 4408 4872 5684 5684 5684 3480 4292 4060 4640 3828 3364 3132 2552 2320 3480 3480 3016 3480 8932 9048 8932 9048 5800 4060 4176 6148 2900 1509 2321 7656 2669 7192 6380 3249 1741 2901 699 8468 2437 2669 6844 2785 7656 7540 2669 1741 3829 2669 2205 4177 3017 356 8236 2437 1163 80 2321 1510 5685 3481 4757
1277 813 2668 2436 929 2204 1624 3016 2668 2088 2552 1276 1508 928 1972 1044 2320 2784 2668 2088 2436 2436 2552 2436 117 348 928 812 232 580 1160 232 348 116 116 348 464 116 232 348 580 580 0 812 1044 1160 232 1044 696 1160 580 1160 696 348 928 580 117 3132 4408 3828 3712 3944 6728 3132 3016 1740 3828 4292 5104 5104 5104 2900 3712 3480 4060 3248 2784 2552 1972 1740 2900 2900 2436 2900 8352 8468 8352 8468 5220 3480 3596 5568 3480 2089 2900 7076 3248 7772 5800 2669 1161 2321 1277 7888 1857 2089 7424 2205 7076 6960 3249 2321 3249 2089 1626 3597 2437 931 7656 1858 585 585 2901 932 5105 2901 5337
2088 1625 3480 3248 1740 3016 2436 3828 3480 2900 3364 2088 2320 1740 2784 1856 3132 3596 3480 2900 3248 3248 3364 3248 696 1160 1740 16 580 1392 1972 580 464 696 928 1160 1276 696 580 464 1392 232 812 0 232 348 580 232 116 1972 1392 1972 116 464 1740 1392 928 3944 5220 4640 4524 4756 7540 3944 3828 2552 4640 5104 5916 5916 5916 3712 4524 4292 4872 4060 3596 3364 2784 2552 3712 3712 3248 3712 9164 9280 9164 9280 6032 4292 4408 6380 2668 1277 2089 7888 2437 6960 6612 3480 1973 3133 468 8700 2669 2901 6612 3017 7888 7772 2437 1510 4061 2901 2437 4409 3249 138 8468 2669 1394 245 2089 1742 5917 3713 4525
2320 1856 3712 3480 1972 3248 2668 4060 3712 3132 3596 2320 2552 1972 3016 2088 3364 3828 3712 3132 3480 3480 3596 3480 928 1392 1972 233 812 1624 2204 812 696 928 1160 1392 1508 928 812 696 1624 464 1044 232 0 116 812 3 348 2204 1624 2204 348 696 1972 1624 1160 4176 5452 4872 4756 4988 7772 4176 4060 2784 4872 5336 6148 6148 6148 3944 4756 4524 5104 4292 3828 3596 3016 2784 3944 3944 3480 3944 9396 9512 9396 9512 6264 4524 4640 6612 2436 1045 1857 8120 2205 6728 6844 3712 2205 3364 239 8932 2901 3133 6380 3249 8120 8004 2205 1278 4293 3133 2669 4641 3481 137 8700 2901 1626 470 1858 1974 6149 3945 4293
2436 1972 3828 3596 2088 3364 2784 4176 3828 3248 3712 2436 2668 2088 3132 2204 3480 3944 3828 3248 3596 3596 3712 3596 1044 1508 2088 348 928 1740 2320 928 812 1044 1276 1508 1624 1044 928 812 1740 580 1160 348 116 0 928 116 464 2320 1740 2320 464 812 2088 1740 1276 4292 5568 4988 4872 5104 7888 4292 4176 2900 4988 5452 6264 6264 6264 4060 4872 4640 5220 4408 3944 3712 3132 2900 4060 4060 3596 4060 9512 9628 9512 9628 6380 4640 4756 6728 2320 929 1741 8236 2089 6612 6960 3828 2321 3480 129 9048 3017 3249 6264 3365 8236 8120 2089 1162 4409 3249 2785 4757 3597 243 8816 3017 1742 585 1742 2089 6264 4061 4177
1509 1045 2900 2668 1161 2436 1856 3248 2900 2320 2784 1508 1740 1160 2204 1276 2552 3016 2900 2320 2668 2668 2784 2668 118 580 1160 580 18 812 1392 15 117 117 348 580 696 116 8 116 812 348 232 580 812 928 0 812 464 1392 812 1392 464 116 1160 812 348 3364 4640 4060 3944 4176 6960 3364 3248 1972 4060 4524 5336 5336 5336 3132 3944 3712 4292 3480 3016 2784 2204 1972 3132 3132 2668 3132 8584 8700 8584 8700 5452 3712 3828 5800 3248 1857 2668 7308 3016 7540 6032 2900 1393 2553 1046 8120 2089 2321 7192 2437 7308 7192 3017 2089 3481 2321 1857 3829 2669 700 7888 2089 815 356 2669 1163 5337 3133 5105
2320 1857 3712 3480 1972 3248 2668 4060 3712 3132 3596 2320 2552 1972 3016 2088 3364 3828 3712 3132 3480 3480 3596 3480 928 1392 1972 233 812 1624 2204 812 696 928 1160 1392 1508 928 812 696 1624 464 1044 232 3 116 812 0 348 2204 1624 2204 348 696 1972 1624 1160 4176 5452 4872 4756 4988 7772 4176 4060 2784 4872 5336 6148 6148 6148 3944 4756 4524 5104 4292 3828 3596 3016 2784 3944 3944 3480 3944 9396 9512 9396 9512 6264 4524 4640 6612 2436 1045 1857 8120 2205 6728 6844 3712 2205 3364 238 8932 2901 3133 6380 3249 8120 8004 2205 1278 4292 3133 2669 4640 3481 135 8700 2901 1626 470 1858 1973 6148 3945 4293
1973 1509 3364 3132 1625 2900 2320 3712 3364 2784 3248 1972 2204 1624 2668 1740 3016 3480 3364 2784 3132 3132 3248 3132 580 1044 1624 118 464 1276 1856 464 348 580 812 1044 1160 580 464 348 1276 116 696 116 348 464 464 348 0 1856 1276 1856 4 348 1624 1276 812 3828 5104 4524 4408 4640 7424 3828 3712 2436 4524 4988 5800 5800 5800 3596 4408 4176 4756 3944 3480 3248 2668 2436 3596 3596 3132 3596 9048 9164 9048 9164 5916 4176 4292 6264 2784 1393 2204 7772 2552 7076 6496 3364 1857 3016 583 8584 2553 2785 6728 2901 7772 7656 2553 1625 3945 2785 2321 4293 3133 242 8352 2553 1278 137 2205 1626 5800 3597 4641
126 351 1509 1277 236 1045 466 1856 1509 929 1393 122 350 235 813 121 1160 1624 1508 928 1276 1276 1392 1276 1276 812 233 1972 1392 580 19 1392 1508 1276 1044 812 696 1276 1392 1508 580 1740 1160 1972 2204 2320 1392 2204 1856 0 580 2 1856 1508 232 580 1044 1972 3248 2668 2552 2784 5568 1972 1856 580 2668 3132 3944 3944 3944 1740 2552 2320 2900 2088 1624 1392 813 581 1740 1740 1276 1740 7192 7308 7192 7308 4060 2320 2436 4408 4640 3248 4060 5916 4408 8932 4640 1509 51 1161 2437 6728 698 930 8584 1046 5916 5800 4408 3481 2089 930 469 2437 1278 2089 6496 700 584 1741 4061 244 3945 1742 6496
698 237 2089 1857 351 1625 1045 2436 2088 1509 1972 697 929 350 1392 465 1740 2204 2088 1508 1856 1856 1972 1856 696 233 349 1392 812 21 580 812 928 696 464 232 117 696 812 928 10 1160 580 1392 1624 1740 812 1624 1276 580 0 580 1276 928 348 5 464 2552 3828 3248 3132 3364 6148 2552 2436 1160 3248 3712 4524 4524 4524 2320 3132 2900 3480 2668 2204 1972 1392 1160 2320 2320 1856 2320 7772 7888 7772 7888 4640 2900 3016 4988 4060 2668 3480 6496 3828 8352 5220 2089 582 1741 1857 7308 1277 1509 8004 1625 6496 6380 3828 2901 2669 1509 1046 3017 1857 1509 7076 1278 70 1162 3481 356 4525 2321 5916
127 352 1509 1277 237 1045 466 1857 1509 929 1393 123 350 235 813 121 1161 1624 1508 929 1276 1276 1392 1276 1276 812 233 1972 1392 580 21 1392 1508 1276 1044 812 696 1276 1392 1508 580 1740 1160 1972 2204 2320 1392 2204 1856 2 580 0 1856 1508 232 580 1044 1972 3248 2668 2552 2784 5568 1972 1856 580 2668 3132 3944 3944 3944 1740 2552 2320 2900 2088 1624 1392 812 581 1740 1740 1276 1740 7192 7308 7192 7308 4060 2320 2436 4408 4640 3248 4060 5916 4408 8932 4640 1509 49 1161 2437 6728 698 930 8584 1046 5916 5800 4408 3481 2089 930 468 2437 1278 2089 6496 699 584 1741 4061 243 3945 1742 6496
1973 1509 3364 3132 1625 2900 2320 3712 3364 2784 3248 1972 2204 1624 2668 1740 3016 3480 3364 2784 3132 3132 3248 3132 581 1044 1624 119 465 1276 1856 464 349 580 812 1044 1160 580 464 348 1276 117 696 116 348 464 464 348 4 1856 1276 1856 0 348 1624 1276 812 3828 5104 4524 4408 4640 7424 3828 3712 2436 4524 4988 5800 5800 5800 3596 4408 4176 4756 3944 3480 3248 2668 2436 3596 3596 3132 3596 9048 9164 9048 9164 5916 4176 4292 6264 2784 1393 2204 7772 2552 7076 6496 3364 1857 3016 582 8584 2553 2785 6728 2901 7772 7656 2553 1625 3944 2785 2321 4292 3133 241 8352 2553 1278 135 2205 1626 5800 3597 4641
1625 1161 3016 2784 1277 2552 1973 3364 3016 2436 2900 1625 1856 1277 2320 1393 2668 3132 3016 2436 2784 2784 2900 2784 234 697 1276 465 119 928 1508 118 21 233 464 696 812 233 117 14 928 232 348 464 696 812 116 696 348 1508 928 1508 348 0 1276 928 464 3480 4756 4176 4060 4292 7076 3480 3364 2088 4176 4640 5452 5452 5452 3248 4060 3828 4408 3596 3132 2900 2320 2088 3248 3248 2784 3248 8700 8816 8700 8816 5568 3828 3944 5916 3132 1740 2552 7424 2900 7424 6148 3016 1509 2668 929 8236 2205 2437 7076 2553 7424 7308 2901 1973 3596 2437 1973 3944 2785 584 8004 2205 930 242 2553 1278 5452 3249 4989
352 128 1741 1509 50 1277 698 2089 1741 1161 1625 351 582 41 1045 122 1393 1856 1740 1161 1508 1508 1624 1508 1044 581 28 1740 1160 349 233 1160 1276 1044 812 580 464 1044 1160 1276 348 1508 928 1740 1972 2088 1160 1972 1624 232 348 232 1624 1276 0 348 812 2204 3480 2900 2784 3016 5800 2204 2088 812 2900 3364 4176 4176 4176 1972 2784 2552 3132 2320 1856 1624 1044 812 1972 1972 1508 1972 7424 7540 7424 7540 4292 2552 2668 4640 4408 3016 3828 6148 4176 8700 4872 1741 237 1393 2205 6960 929 1161 8352 1277 6148 6032 4176 3249 2321 1161 699 2669 1509 1857 6728 930 354 1509 3829 69 4177 1973 6264
698 238 2089 1857 352 1625 1045 2436 2089 1509 1973 697 929 351 1393 466 1740 2204 2088 1508 1856 1856 1972 1856 697 234 349 1392 812 26 581 812 928 696 464 233 118 696 812 928 15 1160 580 1392 1624 1740 812 1624 1276 580 5 580 1276 928 348 0 464 2552 3828 3248 3132 3364 6148 2552 2436 1160 3248 3712 4524 4524 4524 2320 3132 2900 3480 2668 2204 1972 1392 1160 2320 2320 1856 2320 7772 7888 7772 7888 4640 2900 3016 4988 4060 2668 3480 6496 3828 8352 5220 2088 582 1741 1857 7308 1277 1509 8004 1625 6496 6380 3828 2901 2669 1509 1046 3017 1857 1509 7076 1278 65 1162 3481 355 4525 2321 5916
1161 698 2553 2321 814 2089 1509 2900 2552 1973 2436 1161 1393 813 1856 929 2204 2668 2552 1972 2320 2320 2436 2320 234 234 813 928 349 465 1044 349 465 233 22 233 349 233 348 464 464 696 117 928 1160 1276 348 1160 812 1044 464 1044 812 464 812 464 0 3016 4292 3712 3596 3828 6612 3016 2900 1624 3712 4176 4988 4988 4988 2784 3596 3364 3944 3132 2668 2436 1856 1624 2784 2784 2320 2784 8236 8352 8236 8352 5104 3364 3480 5452 3596 2204 3016 6960 3364 7888 5684 2552 1045 2204 1393 7772 1741 1973 7540 2089 6960 6844 3364 2437 3133 1973 1509 3481 2321 1046 7540 1741 468 699 3017 815 4988 2785 5452
1857 2321 467 698 2205 929 1509 126 467 1045 582 1857 1625 2204 1161 2088 813 350 466 1045 697 697 581 697 3248 2784 2204 3944 3364 2552 1972 3364 3480 3248 3016 2784 2668 3248 3364 3480 2552 3712 3132 3944 4176 4292 3364 4176 3828 1972 2552 1972 3828 3480 2204 2552 3016 0 1276 696 580 812 3596 6 116 1392 696 1160 1972 1972 1972 232 580 348 928 117 349 580 1160 1392 233 233 696 233 5220 5336 5220 5336 2088 349 465 2436 6612 5220 6032 3944 6380 10904 2668 466 1972 813 4408 4756 1277 1045 10556 929 3944 3828 6380 5452 128 1046 1509 468 698 4060 4524 1278 2553 3713 6032 2205 1973 242 8468
3133 3596 1741 1973 3480 2205 2784 1393 1741 2321 1857 3132 2900 3480 2436 3364 2088 1625 1740 2320 1972 1972 1856 1972 4524 4060 3480 5220 4640 3828 3248 4640 4756 4524 4292 4060 3944 4524 4640 4756 3828 4988 4408 5220 5452 5568 4640 5452 5104 3248 3828 3248 5104 4756 3480 3828 4292 1276 0 580 696 464 2320 1276 1392 2668 580 116 696 696 696 1508 696 928 348 1160 1624 1856 2436 2668 1508 1508 1972 1508 3944 4060 3944 4060 813 929 813 1160 7888 6496 7308 2668 7656 12180 1393 1740 3248 2088 5684 3480 2552 2320 11832 2205 2668 2553 7656 6728 1161 2321 2785 814 1973 5336 3249 2553 3829 4988 7308 3481 699 1509 9744
2553 3017 1161 1393 2901 1625 2205 814 1161 1741 1277 2552 2320 2900 1857 2784 1509 1045 1161 1740 1393 1393 1277 1392 3944 3480 2900 4640 4060 3248 2668 4060 4176 3944 3712 3480 3364 3944 4060 4176 3248 4408 3828 4640 4872 4988 4060 4872 4524 2668 3248 2668 4524 4176 2900 3248 3712 696 580 0 116 116 2900 696 812 2088 7 464 1276 1276 1276 928 117 348 232 580 1044 1276 1856 2088 928 928 1392 928 4524 4640 4524 4640 1392 349 234 1740 7308 5916 6728 3248 7076 11600 1972 1161 2668 1509 5104 4060 1973 1741 11252 1625 3248 3132 7076 6148 582 1741 2205 239 1393 4756 3828 1973 3249 4408 6728 2901 1278 930 9164
2437 2901 1046 1277 2785 1509 2089 698 1045 1625 1161 2436 2205 2784 1741 2668 1393 929 1045 1625 1277 1277 1161 1277 3828 3364 2784 4524 3944 3132 2552 3944 4060 3828 3596 3364 3248 3828 3944 4060 3132 4292 3712 4524 4756 4872 3944 4756 4408 2552 3132 2552 4408 4060 2784 3132 3596 580 696 116 0 232 3016 580 696 1972 116 580 1392 1392 1392 812 12 232 348 464 928 1160 1740 1972 812 812 1276 812 4640 4756 4640 4756 1508 234 120 1856 7192 5800 6612 3364 6960 11484 2088 1045 2552 1393 4988 4176 1857 1625 11136 1509 3364 3248 6960 6032 467 1625 2089 128 1277 4640 3944 1857 3133 4292 6612 2785 1393 815 9048
2669 3133 1277 1509 3017 1741 2321 930 1277 1857 1393 2668 2436 3016 1973 2900 1625 1161 1277 1856 1509 1509 1393 1508 4060 3596 3016 4756 4176 3364 2784 4176 4292 4060 3828 3596 3480 4060 4176 4292 3364 4524 3944 4756 4988 5104 4176 4988 4640 2784 3364 2784 4640 4292 3016 3364 3828 812 464 116 232 0 2784 812 928 2204 116 348 1160 1160 1160 1044 232 464 117 696 1160 1392 1972 2204 1044 1044 1508 1044 4408 4524 4408 4524 1276 465 349 1624 7424 6032 6844 3132 7192 11716 1856 1277 2784 1624 5220 3944 2088 1857 11368 1741 3132 3016 7192 6264 698 1857 2321 352 1509 4872 3712 2089 3365 4524 6844 3017 1162 1046 9280
5452 5916 4060 4292 5800 4524 5104 3712 4060 4640 4176 5452 5220 5800 4756 5684 4408 3944 4060 4640 4292 4292 4176 4292 6844 6380 5800 7540 6960 6148 5568 6960 7076 6844 6612 6380 6264 6844 6960 7076 6148 7308 6728 7540 7772 7888 6960 7772 7424 5568 6148 5568 7424 7076 5800 6148 6612 3596 2320 2900 3016 2784 0 3596 3712 4988 2900 2436 1624 1624 1624 3828 3016 3248 2668 3480 3944 4176 4756 4988 3828 3828 4292 3828 1624 1740 1624 1740 1508 3248 3132 1160 10208 8816 9628 350 9976 14500 929 4060 5568 4408 8004 1161 4872 4640 14152 4524 351 237 9976 9048 3480 4640 5104 3132 4292 7656 930 4872 6148 7308 9628 5800 1625 3829 12064
1857 2321 468 699 2205 930 1509 129 467 1045 582 1857 1625 2205 1161 2089 813 351 466 1045 697 697 581 697 3248 2784 2204 3944 3364 2552 1972 3364 3480 3248 3016 2784 2668 3248 3364 3480 2552 3712 3132 3944 4176 4292 3364 4176 3828 1972 2552 1972 3828 3480 2204 2552 3016 6 1276 696 580 812 3596 0 116 1392 696 1160 1972 1972 1972 232 580 348 928 117 348 580 1160 1392 233 233 696 233 5220 5336 5220 5336 2088 349 465 2436 6612 5220 6032 3944 6380 10904 2668 465 1972 813 4408 4756 1277 1045 10556 929 3944 3828 6380 5452 126 1045 1509 467 698 4060 4524 1277 2553 3712 6032 2205 1973 240 8468
1741 2205 353 583 2089 814 1393 57 352 930 467 1741 1509 2089 1045 1973 698 237 351 929 582 582 466 581 3132 2668 2088 3828 3248 2436 1856 3248 3364 3132 2900 2668 2552 3132 3248 3364 2436 3596 3016 3828 4060 4176 3248 4060 3712 1856 2436 1856 3712 3364 2088 2436 2900 116 1392 812 696 928 3712 116 0 1276 812 1276 2088 2088 2088 116 696 464 1044 232 232 464 1044 1276 117 117 580 118 5336 5452 5336 5452 2204 465 581 2552 6496 5104 5916 4060 6264 10788 2784 350 1856 697 4292 4872 1161 929 10440 813 4060 3944 6264 5336 237 929 1393 582 582 3944 4640 1161 2437 3596 5916 2089 2089 131 8352
469 930 930 699 814 468 130 1277 930 352 814 467 238 814 238 698 582 1045 929 351 697 697 813 697 1856 1393 813 2552 1972 1161 581 1972 2088 1856 1624 1392 1276 1856 1972 2088 1160 2320 1740 2552 2784 2900 1972 2784 2436 580 1160 580 2436 2088 812 1160 1624 1392 2668 2088 1972 2204 4988 1392 1276 0 2088 2552 3364 3364 3364 1160 1972 1740 2320 1508 1044 812 232 14 1160 1160 696 1160 6612 6728 6612 6728 3480 1740 1856 3828 5220 3828 4640 5336 4988 9512 4060 929 581 581 3016 6148 122 350 9164 466 5336 5220 4988 4060 1509 351 126 1857 698 2669 5916 128 1161 2321 4640 814 3365 1162 7076
2553 3017 1162 1393 2901 1625 2205 814 1161 1741 1277 2553 2321 2900 1857 2784 1509 1045 1161 1741 1393 1393 1277 1393 3944 3480 2900 4640 4060 3248 2668 4060 4176 3944 3712 3480 3364 3944 4060 4176 3248 4408 3828 4640 4872 4988 4060 4872 4524 2668 3248 2668 4524 4176 2900 3248 3712 696 580 7 116 116 2900 696 812 2088 0 464 1276 1276 1276 928 116 348 232 580 1044 1276 1856 2088 928 928 1392 928 4524 4640 4524 4640 1392 349 233 1740 7308 5916 6728 3248 7076 11600 1972 1160 2668 1508 5104 4060 1972 1740 11252 1625 3248 3132 7076 6148 582 1741 2205 237 1393 4756 3828 1973 3248 4408 6728 2901 1277 930 9164
3017 3481 1625 1857 3365 2089 2669 1277 1625 2205 1741 3017 2785 3364 2321 3248 1973 1509 1625 2205 1857 1857 1741 1857 4408 3944 3364 5104 4524 3712 3132 4524 4640 4408 4176 3944 3828 4408 4524 4640 3712 4872 4292 5104 5336 5452 4524 5336 4988 3132 3712 3132 4988 4640 3364 3712 4176 1160 116 464 580 348 2436 1160 1276 2552 464 0 812 812 812 1392 580 812 232 1044 1508 1740 2320 2552 1392 1392 1856 1392 4060 4176 4060 4176 928 812 696 1276 7772 6380 7192 2784 7540 12064 1508 1624 3132 1972 5568 3596 2436 2204 11716 2088 2784 2668 7540 6612 1045 2204 2668 698 1857 5220 3364 2437 3712 4872 7192 3364 814 1393 9628
3829 4293 2437 2669 4176 2901 3481 2089 2437 3017 2553 3828 3596 4176 3132 4060 2784 2321 2437 3016 2668 2668 2552 2668 5220 4756 4176 5916 5336 4524 3944 5336 5452 5220 4988 4756 4640 5220 5336 5452 4524 5684 5104 5916 6148 6264 5336 6148 5800 3944 4524 3944 5800 5452 4176 4524 4988 1972 696 1276 1392 1160 1624 1972 2088 3364 1276 812 0 1 2 2204 1392 1624 1044 1856 2320 2552 3132 3364 2204 2204 2668 2204 3248 3364 3248 3364 118 1624 1508 465 8584 7192 8004 1972 8352 12876 697 2436 3944 2784 6380 2784 3248 3016 12528 2900 1972 1856 8352 7424 1857 3016 3480 1509 2668 6032 2552 3248 4524 5684 8004 4176 56 2205 10440
3829 4293 2437 2669 4177 2901 3481 2089 2437 3017 2553 3828 3596 4176 3132 4060 2785 2321 2437 3016 2668 2668 2552 2668 5220 4756 4176 5916 5336 4524 3944 5336 5452 5220 4988 4756 4640 5220 5336 5452 4524 5684 5104 5916 6148 6264 5336 6148 5800 3944 4524 3944 5800 5452 4176 4524 4988 1972 696 1276 1392 1160 1624 1972 2088 3364 1276 812 1 0 1 2204 1392 1624 1044 1856 2320 2552 3132 3364 2204 2204 2668 2204 3248 3364 3248 3364 118 1624 1508 465 8584 7192 8004 1972 8352 12876 697 2436 3944 2784 6380 2784 3248 3016 12528 2900 1972 1856 8352 7424 1856 3016 3480 1509 2668 6032 2552 3248 4524 5684 8004 4176 55 2205 10440
3829 4293 2437 2669 4177 2901 3481 2089 2437 3017 2553 3828 3596 4176 3133 4060 2785 2321 2437 3016 2668 2668 2552 2668 5220 4756 4176 5916 5336 4524 3944 5336 5452 5220 4988 4756 4640 5220 5336 5452 4524 5684 5104 5916 6148 6264 5336 6148 5800 3944 4524 3944 5800 5452 4176 4524 4988 1972 696 1276 1392 1160 1624 1972 2088 3364 1276 812 2 1 0 2204 1392 1624 1044 1856 2320 2552 3132 3364 2204 2204 2668 2204 3248 3364 3248 3364 117 1624 1508 464 8584 7192 8004 1972 8352 12876 697 2436 3944 2784 6380 2784 3248 3016 12528 2900 1972 1856 8352 7424 1856 3016 3480 1509 2668 6032 2552 3248 4524 5684 8004 4176 54 2205 10440
1626 2089 242 469 1973 699 1278 132 240 814 353 1625 1393 1973 930 1857 583 128 238 814 467 467 351 466 3016 2552 1973 3712 3132 2320 1740 3132 3248 3016 2784 2552 2436 3016 3132 3248 2320 3480 2900 3712 3944 4060 3132 3944 3596 1740 2320 1740 3596 3248 1972 2320 2784 232 1508 928 812 1044 3828 232 116 1160 928 1392 2204 2204 2204 0 812 580 1160 348 116 348 928 1160 9 10 464 12 5452 5568 5452 5568 2320 580 696 2668 6380 4988 5800 4176 6148 10672 2900 234 1740 581 4176 4988 1045 813 10324 697 4176 4060 6148 5220 350 813 1277 697 466 3828 4756 1045 2321 3480 5800 1973 2205 54 8236
2437 2901 1046 1278 2785 1509 2089 699 1046 1625 1162 2437 2205 2785 1741 2669 1393 930 1045 1625 1277 1277 1161 1277 3828 3364 2784 4524 3944 3132 2552 3944 4060 3828 3596 3364 3248 3828 3944 4060 3132 4292 3712 4524 4756 4872 3944 4756 4408 2552 3132 2552 4408 4060 2784 3132 3596 580 696 117 12 232 3016 580 696 1972 116 580 1392 1392 1392 812 0 232 348 464 928 1160 1740 1972 812 812 1276 812 4640 4756 4640 4756 1508 233 117 1856 7192 5800 6612 3364 6960 11484 2088 1044 2552 1392 4988 4176 1856 1624 11136 1508 3364 3248 6960 6032 466 1625 2088 124 1277 4640 3944 1857 3132 4292 6612 2784 1393 814 9048
2205 2669 815 1046 2553 1278 1857 469 815 1393 930 2205 1973 2553 1509 2437 1161 698 814 1393 1045 1045 929 1045 3596 3132 2552 4292 3712 2900 2320 3712 3828 3596 3364 3132 3016 3596 3712 3828 2900 4060 3480 4292 4524 4640 3712 4524 4176 2320 2900 2320 4176 3828 2552 2900 3364 348 928 348 232 464 3248 348 464 1740 348 812 1624 1624 1624 580 232 0 580 232 696 928 1508 1740 580 580 1044 580 4872 4988 4872 4988 1740 16 117 2088 6960 5568 6380 3596 6728 11252 2320 812 2320 1160 4756 4408 1624 1392 10904 1276 3596 3480 6728 5800 235 1393 1856 123 1045 4408 4176 1625 2900 4060 6380 2552 1625 582 8816
2785 3249 1394 1626 3133 1857 2437 1046 1394 1973 1509 2785 2553 3133 2089 3017 1741 1277 1393 1973 1625 1625 1509 1625 4176 3712 3132 4872 4292 3480 2900 4292 4408 4176 3944 3712 3596 4176 4292 4408 3480 4640 4060 4872 5104 5220 4292 5104 4756 2900 3480 2900 4756 4408 3132 3480 3944 928 348 232 348 117 2668 928 1044 2320 232 232 1044 1044 1044 1160 348 580 0 812 1276 1508 2088 2320 1160 1160 1624 1160 4292 4408 4292 4408 1160 580 464 1508 7540 6148 6960 3016 7308 11832 1740 1392 2900 1740 5336 3828 2204 1972 11484 1856 3016 2900 7308 6380 813 1972 2436 466 1625 4988 3596 2204 3480 4640 6960 3132 1045 1161 9396
1973 2437 585 815 2321 1046 1625 242 584 1162 699 1973 1741 2321 1277 2205 930 468 583 1161 814 814 698 814 3364 2900 2321 4060 3480 2668 2088 3480 3596 3364 3132 2900 2784 3364 3480 3596 2668 3828 3248 4060 4292 4408 3480 4292 3944 2088 2668 2088 3944 3596 2320 2668 3132 117 1160 580 464 696 3480 117 232 1508 580 1044 1856 1856 1856 348 464 232 812 0 464 696 1276 1508 348 348 812 348 5104 5220 5104 5220 1972 232 348 2320 6728 5336 6148 3828 6496 11020 2552 580 2088 928 4524 4640 1392 1160 10672 1044 3828 3712 6496 5568 37 1161 1624 350 813 4176 4408 1393 2668 3828 6148 2320 1857 352 8584
1510 1973 138 356 1857 584 1162 242 134 699 241 1509 1278 1857 814 1741 468 59 130 698 352 352 238 352 2900 2437 1857 3596 3016 2205 1625 3016 3132 2900 2668 2436 2320 2900 3016 3132 2204 3364 2784 3596 3828 3944 3016 3828 3480 1624 2204 1624 3480 3132 1856 2204 2668 349 1624 1044 928 1160 3944 348 232 1044 1044 1508 2320 2320 2320 116 928 696 1276 464 0 232 812 1044 116 116 348 116 5568 5684 5568 5684 2436 696 812 2784 6264 4872 5684 4292 6032 10556 3016 118 1624 465 4060 5104 928 697 10208 581 4292 4176 6032 5104 465 697 1161 813 350 3712 4872 929 2204 3364 5684 1857 2320 126 8120
1278 1742 138 138 1626 355 931 469 135 469 67 1278 1046 1625 583 1509 240 240 130 468 129 129 55 128 2669 2205 1625 3364 2784 1973 1393 2784 2900 2668 2436 2204 2088 2668 2784 2900 1972 3132 2552 3364 3596 3712 2784 3596 3248 1392 1972 1392 3248 2900 1624 1972 2436 580 1856 1276 1160 1392 4176 580 464 812 1276 1740 2552 2552 2552 348 1160 928 1508 696 232 0 580 812 348 348 116 348 5800 5916 5800 5916 2668 928 1044 3016 6032 4640 5452 4524 5800 10324 3248 118 1392 233 3828 5336 697 465 9976 349 4524 4408 5800 4872 697 465 929 1045 122 3480 5104 697 1972 3132 5452 1625 2552 351 7888
700 1163 700 470 1047 243 355 1046 700 135 584 699 469 1046 64 930 353 814 699 130 468 467 583 467 2089 1625 1045 2784 2205 1393 813 2205 2320 2088 1857 1625 1509 2088 2204 2320 1393 2552 1972 2784 3016 3132 2204 3016 2668 813 1392 812 2668 2320 1044 1392 1856 1160 2436 1856 1740 1972 4756 1160 1044 232 1856 2320 3132 3132 3132 928 1740 1508 2088 1276 812 580 0 232 928 928 464 928 6380 6496 6380 6496 3248 1508 1624 3596 5452 4060 4872 5104 5220 9744 3828 696 812 349 3248 5916 119 119 9396 234 5104 4988 5220 4292 1276 121 350 1624 466 2900 5684 123 1393 2552 4872 1045 3132 929 7308
471 931 931 700 815 470 137 1278 931 355 815 469 241 815 241 699 583 1046 930 353 698 698 814 698 1857 1393 814 2553 1973 1161 582 1973 2089 1857 1625 1393 1277 1856 1972 2088 1161 2320 1740 2552 2784 2900 1972 2784 2436 581 1160 581 2436 2088 812 1160 1624 1392 2668 2088 1972 2204 4988 1392 1276 14 2088 2552 3364 3364 3364 1160 1972 1740 2320 1508 1044 812 232 0 1160 1160 696 1160 6612 6728 6612 6728 3480 1740 1856 3828 5220 3828 4640 5336 4988 9512 4060 928 580 580 3016 6148 119 349 9164 465 5336 5220 4988 4060 1508 350 121 1856 697 2668 5916 123 1161 2320 4640 813 3364 1161 7076
1626 2089 245 470 1973 700 1278 137 243 815 355 1625 1394 1973 930 1857 584 132 240 814 468 468 353 467 3017 2553 1973 3712 3132 2321 1741 3132 3248 3016 2784 2552 2436 3016 3132 3248 2320 3480 2900 3712 3944 4060 3132 3944 3596 1740 2320 1740 3596 3248 1972 2320 2784 233 1508 928 812 1044 3828 233 117 1160 928 1392 2204 2204 2204 9 812 580 1160 348 116 348 928 1160 0 1 464 3 5452 5568 5452 5568 2320 580 696 2668 6380 4988 5800 4176 6148 10672 2900 233 1740 580 4176 4988 1044 812 10324 697 4176 4060 6148 5220 349 813 1276 697 465 3828 4756 1045 2320 3480 5800 1972 2204 45 8236
1626 2090 245 471 1974 700 1278 138 243 815 355 1626 1394 1973 930 1857 584 132 240 814 468 468 353 468 3017 2553 1973 3712 3132 2321 1741 3132 3248 3016 2784 2552 2436 3016 3132 3248 2320 3480 2900 3712 3944 4060 3132 3944 3596 1740 2320 1740 3596 3248 1972 2320 2784 233 1508 928 812 1044 3828 233 117 1160 928 1392 2204 2204 2204 10 812 580 1160 348 116 348 928 1160 1 0 464 2 5452 5568 5452 5568 2320 580 696 2668 6380 4988 5800 4176 6148 10672 2900 233 1740 580 4176 4988 1044 812 10324 696 4176 4060 6148 5220 349 813 1276 697 465 3828 4756 1045 2320 3480 5800 1972 2204 44 8236
1163 1626 245 79 1510 244 816 585 244 356 137 1162 931 1510 469 1394 133 354 241 354 62 61 131 59 2553 2089 1509 3248 2669 1857 1277 2668 2784 2552 2320 2089 1973 2552 2668 2784 1856 3016 2436 3248 3480 3596 2668 3480 3132 1276 1856 1276 3132 2784 1508 1856 2320 696 1972 1392 1276 1508 4292 696 580 696 1392 1856 2668 2668 2668 464 1276 1044 1624 812 348 116 464 696 464 464 0 464 5916 6032 5916 6032 2784 1044 1160 3132 5916 4524 5336 4640 5684 10208 3364 233 1276 118 3712 5452 580 349 9860 233 4640 4524 5684 4756 813 349 813 1160 34 3364 5220 581 1856 3016 5336 1509 2668 466 7772
1626 2090 246 471 1974 700 1278 139 244 815 356 1626 1394 1973 931 1857 584 133 241 815 468 468 353 468 3017 2553 1973 3712 3132 2321 1741 3132 3248 3016 2784 2552 2436 3016 3132 3248 2320 3480 2900 3712 3944 4060 3132 3944 3596 1740 2320 1740 3596 3248 1972 2320 2784 233 1508 928 812 1044 3828 233 118 1160 928 1392 2204 2204 2204 12 812 580 1160 348 116 348 928 1160 3 2 464 0 5452 5568 5452 5568 2320 580 696 2668 6380 4988 5800 4176 6148 10672 2900 233 1740 580 4176 4988 1044 812 10324 696 4176 4060 6148 5220 349 813 1276 697 465 3828 4756 1045 2320 3480 5800 1972 2204 42 8236
7076 7540 5685 5917 7424 6149 6728 5337 5685 6264 5800 7076 6844 7424 6380 7308 6032 5568 5684 6264 5916 5916 5800 5916 8468 8004 7424 9164 8584 7772 7192 8584 8700 8468 8236 8004 7888 8468 8584 8700 7772 8932 8352 9164 9396 9512 8584 9396 9048 7192 7772 7192 9048 8700 7424 7772 8236 5220 3944 4524 4640 4408 1624 5220 5336 6612 4524 4060 3248 3248 3248 5452 4640 4872 4292 5104 5568 5800 6380 6612 5452 5452 5916 5452 0 116 2 116 3132 4872 4756 2784 11832 10440 11252 1276 11600 16124 2552 5684 7192 6032 9628 464 6496 6264 15776 6148 1276 1392 11600 10672 5104 6264 6728 4756 5916 9280 697 6496 7772 8932 11252 7424 3248 5452 13688
7193 7656 5801 6033 7540 6265 6844 5453 5801 6380 5916 7192 6960 7540 6496 7424 6148 5684 5800 6380 6032 6032 5916 6032 8584 8120 7540 9280 8700 7888 7308 8700 8816 8584 8352 8120 8004 8584 8700 8816 7888 9048 8468 9280 9512 9628 8700 9512 9164 7308 7888 7308 9164 8816 7540 7888 8352 5336 4060 4640 4756 4524 1740 5336 5452 6728 4640 4176 3364 3364 3364 5568 4756 4988 4408 5220 5684 5916 6496 6728 5568 5568 6032 5568 116 0 116 2 3248 4988 4872 2900 11948 10556 11368 1392 11716 16240 2668 5800 7308 6148 9744 580 6612 6380 15892 6264 1392 1508 11716 10788 5220 6380 6844 4872 6032 9396 813 6612 7888 9048 11368 7540 3364 5568 13804
7077 7540 5685 5917 7424 6149 6728 5337 5685 6264 5800 7076 6844 7424 6380 7308 6032 5568 5684 6264 5916 5916 5800 5916 8468 8004 7424 9164 8584 7772 7192 8584 8700 8468 8236 8004 7888 8468 8584 8700 7772 8932 8352 9164 9396 9512 8584 9396 9048 7192 7772 7192 9048 8700 7424 7772 8236 5220 3944 4524 4640 4408 1624 5220 5336 6612 4524 4060 3248 3248 3248 5452 4640 4872 4292 5104 5568 5800 6380 6612 5452 5452 5916 5452 2 116 0 116 3132 4872 4756 2784 11832 10440 11252 1276 11600 16124 2552 5684 7192 6032 9628 464 6496 6264 15776 6148 1276 1392 11600 10672 5104 6264 6728 4756 5916 9280 697 6496 7772 8932 11252 7424 3248 5452 13688
7193 7656 5801 6033 7540 6265 6844 5453 5801 6380 5917 7192 6960 7540 6496 7424 6148 5684 5800 6380 6032 6032 5916 6032 8584 8120 7540 9280 8700 7888 7308 8700 8816 8584 8352 8120 8004 8584 8700 8816 7888 9048 8468 9280 9512 9628 8700 9512 9164 7308 7888 7308 9164 8816 7540 7888 8352 5336 4060 4640 4756 4524 1740 5336 5452 6728 4640 4176 3364 3364 3364 5568 4756 4988 4408 5220 5684 5916 6496 6728 5568 5568 6032 5568 116 2 116 0 3248 4988 4872 2900 11948 10556 11368 1392 11716 16240 2668 5800 7308 6148 9744 580 6612 6380 15892 6264 1392 1508 11716 10788 5220 6380 6844 4872 6032 9396 813 6612 7888 9048 11368 7540 3364 5568 13804
3945 4409 2553 2785 4293 3017 3597 2205 2553 3133 2669 3945 3713 4293 3249 4177 2901 2437 2553 3133 2785 2785 2669 2785 5336 4872 4292 6032 5452 4640 4060 5452 5568 5336 5104 4872 4756 5336 5452 5568 4640 5800 5220 6032 6264 6380 5452 6264 5916 4060 4640 4060 5916 5568 4292 4640 5104 2088 813 1392 1508 1276 1508 2088 2204 3480 1392 928 118 118 117 2320 1508 1740 1160 1972 2436 2668 3248 3480 2320 2320 2784 2320 3132 3248 3132 3248 0 1740 1624 348 8700 7308 8120 1856 8468 12992 580 2552 4060 2900 6496 2668 3364 3132 12644 3016 1856 1740 8468 7540 1972 3132 3596 1624 2784 6148 2436 3364 4640 5800 8120 4292 121 2320 10556
2206 2669 817 1048 2553 1279 1858 471 816 1394 931 2205 1974 2553 1510 2437 1162 700 815 1394 1046 1046 930 1046 3597 3133 2553 4292 3713 2901 2321 3712 3828 3596 3364 3132 3016 3596 3712 3828 2900 4060 3480 4292 4524 4640 3712 4524 4176 2320 2900 2320 4176 3828 2552 2900 3364 349 929 349 234 465 3248 349 465 1740 349 812 1624 1624 1624 580 233 16 580 232 696 928 1508 1740 580 580 1044 580 4872 4988 4872 4988 1740 0 116 2088 6960 5568 6380 3596 6728 11252 2320 812 2320 1160 4756 4408 1624 1392 10904 1276 3596 3480 6728 5800 233 1392 1856 119 1044 4408 4176 1624 2900 4060 6380 2552 1624 581 8816
2322 2785 932 1163 2669 1395 1974 586 932 1510 1047 2321 2089 2669 1626 2553 1278 815 931 1510 1162 1162 1046 1162 3713 3249 2669 4408 3829 3017 2437 3828 3944 3712 3480 3248 3132 3712 3828 3944 3016 4176 3596 4408 4640 4756 3828 4640 4292 2436 3016 2436 4292 3944 2668 3016 3480 465 813 234 120 349 3132 465 581 1856 233 696 1508 1508 1508 696 117 117 464 348 812 1044 1624 1856 696 696 1160 696 4756 4872 4756 4872 1624 116 0 1972 7076 5684 6496 3480 6844 11368 2204 928 2436 1276 4872 4292 1740 1508 11020 1392 3480 3364 6844 5916 349 1508 1972 25 1160 4524 4060 1740 3016 4176 6496 2668 1508 697 8932
4293 4757 2901 3133 4641 3365 3945 2553 2901 3481 3017 4293 4061 4641 3597 4525 3249 2785 2901 3481 3133 3133 3017 3133 5684 5220 4640 6380 5800 4988 4408 5800 5916 5684 5452 5220 5104 5684 5800 5916 4988 6148 5568 6380 6612 6728 5800 6612 6264 4408 4988 4408 6264 5916 4640 4988 5452 2436 1160 1740 1856 1624 1160 2436 2552 3828 1740 1276 465 465 464 2668 1856 2088 1508 2320 2784 3016 3596 3828 2668 2668 3132 2668 2784 2900 2784 2900 348 2088 1972 0 9048 7656 8468 1508 8816 13340 232 2900 4408 3248 6844 2320 3712 3480 12992 3364 1508 1392 8816 7888 2320 3480 3944 1972 3132 6496 2088 3712 4988 6148 8468 4640 465 2668 10904
4757 4293 6149 5917 4409 5685 5105 6497 6149 5569 6033 4757 4989 4409 5453 4525 5800 6264 6148 5568 5916 5916 6032 5916 3365 3829 4408 2669 3249 4060 4640 3249 3133 3365 3596 3828 3944 3364 3248 3132 4060 2900 3480 2668 2436 2320 3248 2436 2784 4640 4060 4640 2784 3132 4408 4060 3596 6612 7888 7308 7192 7424 10208 6612 6496 5220 7308 7772 8584 8584 8584 6380 7192 6960 7540 6728 6264 6032 5452 5220 6380 6380 5916 6380 11832 11948 11832 11948 8700 6960 7076 9048 0 1392 580 10556 232 4292 9280 6148 4640 5800 2204 11368 5336 5568 3944 5684 10556 10440 233 1160 6728 5568 5104 7076 5916 2552 11136 5336 4060 2900 581 4408 8584 6380 1856
3365 2901 4757 4525 3017 4293 3713 5105 4757 4177 4641 3365 3597 3017 4061 3133 4409 4873 4757 4177 4525 4525 4641 4525 1973 2437 3017 1278 1857 2669 3249 1857 1741 1973 2205 2437 2553 1973 1857 1741 2669 1509 2089 1277 1045 929 1857 1045 1393 3248 2668 3248 1393 1740 3016 2668 2204 5220 6496 5916 5800 6032 8816 5220 5104 3828 5916 6380 7192 7192 7192 4988 5800 5568 6148 5336 4872 4640 4060 3828 4988 4988 4524 4988 10440 10556 10440 10556 7308 5568 5684 7656 1392 0 812 9164 1160 5684 7888 4756 3248 4408 812 9976 3944 4176 5336 4292 9164 9048 1160 233 5336 4176 3712 5684 4524 1160 9744 3944 2668 1508 813 3016 7192 4988 3248
4177 3713 5569 5337 3829 5105 4525 5917 5569 4989 5453 4177 4409 3829 4873 3945 5221 5685 5569 4989 5337 5336 5452 5336 2785 3249 3829 2089 2669 3481 4061 2669 2553 2785 3017 3249 3364 2785 2669 2553 3480 2321 2900 2089 1857 1741 2668 1857 2204 4060 3480 4060 2204 2552 3828 3480 3016 6032 7308 6728 6612 6844 9628 6032 5916 4640 6728 7192 8004 8004 8004 5800 6612 6380 6960 6148 5684 5452 4872 4640 5800 5800 5336 5800 11252 11368 11252 11368 8120 6380 6496 8468 580 812 0 9976 348 4872 8700 5568 4060 5220 1624 10788 4756 4988 4524 5104 9976 9860 348 580 6148 4988 4524 6496 5336 1972 10556 4756 3480 2320 28 3828 8004 5800 2436
5801 6265 4409 4641 6149 4873 5453 4061 4409 4989 4525 5801 5569 6149 5105 6033 4757 4293 4409 4989 4641 4641 4525 4641 7192 6728 6148 7888 7308 6496 5916 7308 7424 7192 6960 6728 6612 7192 7308 7424 6496 7656 7076 7888 8120 8236 7308 8120 7772 5916 6496 5916 7772 7424 6148 6496 6960 3944 2668 3248 3364 3132 350 3944 4060 5336 3248 2784 1972 1972 1972 4176 3364 3596 3016 3828 4292 4524 5104 5336 4176 4176 4640 4176 1276 1392 1276 1392 1856 3596 3480 1508 10556 9164 9976 0 10324 14848 1276 4408 5916 4756 8352 812 5220 4988 14500 4872 13 117 10324 9396 3828 4988 5452 3480 4640 8004 580 5220 6496 7656 9976 6148 1972 4176 12412
4525 4061 5917 5685 4177 5453 4873 6265 5917 5337 5801 4525 4757 4177 5221 4293 5569 6033 5917 5337 5685 5684 5800 5684 3133 3597 4177 2437 3017 3829 4408 3017 2901 3133 3365 3597 3712 3133 3017 2901 3828 2669 3248 2437 2205 2089 3016 2205 2552 4408 3828 4408 2552 2900 4176 3828 3364 6380 7656 7076 6960 7192 9976 6380 6264 4988 7076 7540 8352 8352 8352 6148 6960 6728 7308 6496 6032 5800 5220 4988 6148 6148 5684 6148 11600 11716 11600 11716 8468 6728 6844 8816 232 1160 348 10324 0 4524 9048 5916 4408 5568 1972 11136 5104 5336 4176 5452 10324 10208 14 928 6496 5336 4872 6844 5684 2320 10904 5104 3828 2668 349 4176 8352 6148 2088
9049 8585 10440 10208 8700 9976 9396 10788 10440 9860 10324 9048 9280 8700 9744 8816 10092 10556 10440 9860 10208 10208 10324 10208 7656 8120 8700 6960 7540 8352 8932 7540 7424 7656 7888 8120 8236 7656 7540 7424 8352 7192 7772 6960 6728 6612 7540 6728 7076 8932 8352 8932 7076 7424 8700 8352 7888 10904 12180 11600 11484 11716 14500 10904 10788 9512 11600 12064 12876 12876 12876 10672 11484 11252 11832 11020 10556 10324 9744 9512 10672 10672 10208 10672 16124 16240 16124 16240 12992 11252 11368 13340 4292 5684 4872 14848 4524 0 13572 10440 8932 10092 6496 15660 9628 9860 348 9976 14848 14732 4524 5452 11020 9860 9396 11368 10208 6844 15428 9628 8352 7192 4872 8700 12876 10672 2436
4525 4989 3133 3365 4873 3597 4177 2785 3133 3713 3249 4525 4293 4873 3829 4757 3481 3017 3133 3713 3365 3365 3249 3365 5916 5452 4873 6612 6032 5220 4640 6032 6148 5916 5684 5452 5336 5916 6032 6148 5220 6380 5800 6612 6844 6960 6032 6844 6496 4640 5220 4640 6496 6148 4872 5220 5684 2668 1393 1972 2088 1856 929 2668 2784 4060 1972 1508 697 697 697 2900 2088 2320 1740 2552 3016 3248 3828 4060 2900 2900 3364 2900 2552 2668 2552 2668 580 2320 2204 232 9280 7888 8700 1276 9048 13572 0 3132 4640 3480 7076 2088 3944 3712 13224 3596 1276 1160 9048 8120 2552 3712 4176 2204 3364 6728 1856 3944 5220 6380 8700 4872 696 2900 11136
1396 1859 97 251 1743 473 1048 360 91 587 146 1395 1163 1742 701 1626 358 142 81 585 245 245 139 244 2785 2321 1742 3481 2901 2089 1510 2901 3017 2785 2553 2321 2205 2785 2901 3017 2089 3249 2669 3480 3712 3828 2900 3712 3364 1509 2089 1509 3364 3016 1741 2088 2552 466 1740 1161 1045 1277 4060 465 350 929 1160 1624 2436 2436 2436 234 1044 812 1392 580 118 118 696 928 233 233 233 233 5684 5800 5684 5800 2552 812 928 2900 6148 4756 5568 4408 5916 10440 3132 0 1508 348 3944 5220 812 580 10092 464 4408 4292 5916 4988 580 580 1044 928 233 3596 4988 812 2088 3248 5568 1740 2436 233 8004
153 362 1511 1280 251 1048 473 1858 1511 932 1395 146 359 248 817 144 1163 1626 1510 932 1279 1278 1394 1278 1278 815 244 1973 1394 584 70 1394 1510 1278 1046 815 699 1278 1393 1509 583 1741 1161 1973 2205 2321 1393 2205 1857 51 582 49 1857 1509 237 582 1045 1972 3248 2668 2552 2784 5568 1972 1856 581 2668 3132 3944 3944 3944 1740 2552 2320 2900 2088 1624 1392 812 580 1740 1740 1276 1740 7192 7308 7192 7308 4060 2320 2436 4408 4640 3248 4060 5916 4408 8932 4640 1508 0 1160 2436 6728 696 928 8584 1044 5916 5800 4408 3480 2088 928 464 2436 1276 2088 6496 696 580 1740 4060 233 3944 1740 6496
1049 1511 362 152 1395 151 702 702 360 250 249 1048 817 1395 359 1279 85 472 358 246 141 141 245 140 2437 1973 1394 3133 2553 1741 1162 2553 2669 2437 2205 1973 1857 2437 2553 2669 1741 2901 2321 3133 3364 3480 2553 3364 3016 1161 1741 1161 3016 2668 1393 1741 2204 813 2088 1509 1393 1624 4408 813 697 581 1508 1972 2784 2784 2784 581 1392 1160 1740 928 465 233 349 580 580 580 118 580 6032 6148 6032 6148 2900 1160 1276 3248 5800 4408 5220 4756 5568 10092 3480 348 1160 0 3596 5568 464 232 9744 116 4756 4640 5568 4640 928 232 696 1276 117 3248 5336 464 1740 2900 5220 1392 2784 580 7656
2554 2090 3945 3713 2206 3481 2902 4293 3945 3365 3829 2554 2785 2206 3249 2322 3597 4061 3945 3365 3713 3713 3829 3713 1163 1626 2205 470 1047 1857 2437 1046 931 1162 1394 1625 1741 1162 1046 930 1857 699 1277 468 239 129 1046 238 583 2437 1857 2437 582 929 2205 1857 1393 4408 5684 5104 4988 5220 8004 4408 4292 3016 5104 5568 6380 6380 6380 4176 4988 4756 5336 4524 4060 3828 3248 3016 4176 4176 3712 4176 9628 9744 9628 9744 6496 4756 4872 6844 2204 812 1624 8352 1972 6496 7076 3944 2436 3596 0 9164 3132 3364 6148 3480 8352 8236 1972 1044 4524 3364 2900 4872 3712 348 8932 3132 1856 696 1624 2204 6380 4176 4060
6613 7077 5221 5453 6961 5685 6265 4873 5221 5801 5337 6613 6381 6961 5917 6845 5569 5105 5221 5801 5453 5453 5337 5453 8004 7540 6960 8700 8120 7308 6728 8120 8236 8004 7772 7540 7424 8004 8120 8236 7308 8468 7888 8700 8932 9048 8120 8932 8584 6728 7308 6728 8584 8236 6960 7308 7772 4756 3480 4060 4176 3944 1161 4756 4872 6148 4060 3596 2784 2784 2784 4988 4176 4408 3828 4640 5104 5336 5916 6148 4988 4988 5452 4988 464 580 464 580 2668 4408 4292 2320 11368 9976 10788 812 11136 15660 2088 5220 6728 5568 9164 0 6032 5800 15312 5684 812 928 11136 10208 4640 5800 6264 4292 5452 8816 232 6032 7308 8468 10788 6960 2784 4988 13224
589 1049 818 589 933 362 252 1164 818 251 702 587 360 932 147 817 472 932 817 247 586 586 701 586 1974 1510 931 2669 2089 1278 700 2089 2205 1973 1741 1510 1394 1973 2089 2205 1278 2437 1857 2669 2901 3017 2089 2901 2553 698 1277 698 2553 2205 929 1277 1741 1277 2552 1973 1857 2088 4872 1277 1161 122 1972 2436 3248 3248 3248 1045 1856 1624 2204 1392 928 697 119 119 1044 1044 580 1044 6496 6612 6496 6612 3364 1624 1740 3712 5336 3944 4756 5220 5104 9628 3944 812 696 464 3132 6032 0 232 9280 348 5220 5104 5104 4176 1392 232 232 1740 580 2784 5800 15 1276 2436 4756 928 3248 1044 7192
819 1280 589 363 1164 153 474 933 588 96 474 817 587 1164 147 1048 248 702 586 86 358 358 471 358 2205 1742 1163 2901 2321 1510 931 2321 2437 2205 1973 1741 1625 2205 2321 2437 1509 2669 2089 2901 3133 3249 2321 3133 2785 930 1509 930 2785 2437 1161 1509 1973 1045 2320 1741 1625 1857 4640 1045 929 350 1740 2204 3016 3016 3016 813 1624 1392 1972 1160 697 465 119 349 812 812 349 812 6264 6380 6264 6380 3132 1392 1508 3480 5568 4176 4988 4988 5336 9860 3712 580 928 232 3364 5800 232 0 9512 116 4988 4872 5336 4408 1160 8 464 1508 348 3016 5568 232 1508 2668 4988 1160 3016 812 7424
8701 8237 10093 9861 8353 9629 9049 10440 10092 9512 9976 8701 8932 8353 9396 8468 9744 10208 10092 9512 9860 9860 9976 9860 7308 7772 8352 6612 7192 8004 8584 7192 7076 7308 7540 7772 7888 7308 7192 7076 8004 6844 7424 6612 6380 6264 7192 6380 6728 8584 8004 8584 6728 7076 8352 8004 7540 10556 11832 11252 11136 11368 14152 10556 10440 9164 11252 11716 12528 12528 12528 10324 11136 10904 11484 10672 10208 9976 9396 9164 10324 10324 9860 10324 15776 15892 15776 15892 12644 10904 11020 12992 3944 5336 4524 14500 4176 348 13224 10092 8584 9744 6148 15312 9280 9512 0 9628 14500 14384 4176 5104 10672 9512 9048 11020 9860 6496 15080 9280 8004 6844 4524 8352 12528 10324 2088
934 1396 476 254 1280 102 589 818 474 152 361 933 702 1279 250 1164 147 587 472 146 248 247 358 247 2321 1858 1279 3017 2437 1626 1047 2437 2553 2321 2089 1857 1741 2321 2437 2553 1625 2785 2205 3017 3249 3365 2437 3249 2901 1046 1625 1046 2901 2553 1277 1625 2089 929 2205 1625 1509 1741 4524 929 813 466 1625 2088 2900 2900 2900 697 1508 1276 1856 1044 581 349 234 465 697 696 233 696 6148 6264 6148 6264 3016 1276 1392 3364 5684 4292 5104 4872 5452 9976 3596 464 1044 116 3480 5684 348 116 9628 0 4872 4756 5452 4524 1044 116 580 1392 232 3132 5452 348 1624 2784 5104 1276 2900 696 7540
5801 6265 4409 4641 6149 4873 5453 4061 4409 4989 4525 5801 5569 6149 5105 6033 4757 4293 4409 4989 4641 4641 4525 4641 7192 6729 6149 7888 7308 6496 5917 7308 7424 7192 6960 6728 6612 7192 7308 7424 6496 7656 7076 7888 8120 8236 7308 8120 7772 5916 6496 5916 7772 7424 6148 6496 6960 3944 2668 3248 3364 3132 351 3944 4060 5336 3248 2784 1972 1972 1972 4176 3364 3596 3016 3828 4292 4524 5104 5336 4176 4176 4640 4176 1276 1392 1276 1392 1856 3596 3480 1508 10556 9164 9976 13 10324 14848 1276 4408 5916 4756 8352 812 5220 4988 14500 4872 0 116 10324 9396 3828 4988 5452 3480 4640 8004 580 5220 6496 7656 9976 6148 1972 4176 12412
5685 6149 4293 4525 6033 4757 5337 3945 4293 4873 4409 5685 5453 6033 4989 5917 4641 4177 4293 4873 4525 4525 4409 4525 7077 6613 6033 7772 7192 6381 5801 7192 7308 7076 6844 6612 6496 7076 7192 7308 6380 7540 6960 7772 8004 8120 7192 8004 7656 5800 6380 5800 7656 7308 6032 6380 6844 3828 2553 3132 3248 3016 237 3828 3944 5220 3132 2668 1856 1856 1856 4060 3248 3480 2900 3712 4176 4408 4988 5220 4060 4060 4524 4060 1392 1508 1392 1508 1740 3480 3364 1392 10440 9048 9860 117 10208 14732 1160 4292 5800 4640 8236 928 5104 4872 14384 4756 116 0 10208 9280 3712 4872 5336 3364 4524 7888 696 5104 6380 7540 9860 6032 1856 4060 12296
4525 4061 5917 5685 4177 5453 4873 6265 5917 5337 5801 4525 4757 4177 5221 4293 5569 6033 5917 5337 5685 5685 5801 5685 3133 3597 4177 2437 3017 3829 4409 3017 2901 3133 3365 3597 3713 3133 3017 2901 3829 2669 3249 2437 2205 2089 3017 2205 2553 4408 3828 4408 2553 2901 4176 3828 3364 6380 7656 7076 6960 7192 9976 6380 6264 4988 7076 7540 8352 8352 8352 6148 6960 6728 7308 6496 6032 5800 5220 4988 6148 6148 5684 6148 11600 11716 11600 11716 8468 6728 6844 8816 233 1160 348 10324 14 4524 9048 5916 4408 5568 1972 11136 5104 5336 4176 5452 10324 10208 0 928 6496 5336 4872 6844 5684 2320 10904 5104 3828 2668 348 4176 8352 6148 2088
3598 3134 4989 4757 3250 4525 3945 5337 4989 4409 4873 3597 3829 3249 4293 3365 4641 5105 4989 4409 4757 4757 4873 4757 2206 2669 3249 1510 2090 2901 3481 2090 1974 2205 2437 2669 2785 2205 2089 1973 2901 1741 2321 1510 1278 1162 2089 1278 1625 3481 2901 3481 1625 1973 3249 2901 2437 5452 6728 6148 6032 6264 9048 5452 5336 4060 6148 6612 7424 7424 7424 5220 6032 5800 6380 5568 5104 4872 4292 4060 5220 5220 4756 5220 10672 10788 10672 10788 7540 5800 5916 7888 1160 233 580 9396 928 5452 8120 4988 3480 4640 1044 10208 4176 4408 5104 4524 9396 9280 928 0 5568 4408 3944 5916 4756 1392 9976 4176 2900 1740 580 3248 7424 5220 3016
1975 2439 590 819 2323 1049 1627 255 589 1165 703 1975 1743 2322 1280 2206 933 474 588 1164 817 817 702 817 3365 2901 2322 4061 3481 2669 2090 3481 3597 3365 3133 2901 2785 3365 3481 3597 2669 3829 3249 4061 4293 4409 3481 4292 3945 2089 2669 2089 3944 3596 2321 2669 3133 128 1161 582 467 698 3480 126 237 1509 582 1045 1857 1856 1856 350 466 235 813 37 465 697 1276 1508 349 349 813 349 5104 5220 5104 5220 1972 233 349 2320 6728 5336 6148 3828 6496 11020 2552 580 2088 928 4524 4640 1392 1160 10672 1044 3828 3712 6496 5568 0 1160 1624 348 812 4176 4408 1392 2668 3828 6148 2320 1856 348 8584
820 1281 591 365 1165 158 476 934 589 104 475 818 589 1164 153 1049 251 703 588 94 360 360 473 359 2206 1742 1163 2901 2322 1510 932 2321 2437 2205 1974 1742 1626 2205 2321 2437 1510 2669 2089 2901 3133 3249 2321 3133 2785 930 1509 930 2785 2437 1161 1509 1973 1046 2321 1741 1625 1857 4640 1045 929 351 1741 2204 3016 3016 3016 813 1625 1393 1972 1161 697 465 121 350 813 813 349 813 6264 6380 6264 6380 3132 1392 1508 3480 5568 4176 4988 4988 5336 9860 3712 580 928 232 3364 5800 232 8 9512 116 4988 4872 5336 4408 1160 0 464 1508 348 3016 5568 232 1508 2668 4988 1160 3016 812 7424
366 820 1050 820 705 590 108 1396 1049 476 934 363 154 703 362 588 703 1164 1048 474 817 817 933 817 1742 1279 702 2438 1858 1047 472 1858 1974 1742 1510 1278 1163 1742 1858 1973 1047 2205 1626 2437 2669 2785 1857 2669 2321 469 1046 468 2321 1973 699 1046 1509 1509 2785 2205 2089 2321 5104 1509 1393 126 2205 2668 3480 3480 3480 1277 2088 1856 2436 1624 1161 929 350 121 1276 1276 813 1276 6728 6844 6728 6844 3596 1856 1972 3944 5104 3712 4524 5452 4872 9396 4176 1044 464 696 2900 6264 232 464 9048 580 5452 5336 4872 3944 1624 464 0 1972 812 2552 6032 232 1044 2204 4524 696 3480 1276 6960
2323 2786 935 1165 2670 1396 1975 590 934 1512 1049 2322 2091 2670 1627 2554 1280 818 933 1511 1164 1164 1048 1164 3713 3249 2669 4409 3829 3017 2437 3829 3945 3713 3481 3249 3133 3713 3829 3945 3017 4177 3597 4409 4641 4757 3829 4640 4293 2437 3017 2437 4292 3944 2669 3017 3481 468 814 239 128 352 3132 467 582 1857 237 698 1509 1509 1509 697 124 123 466 350 813 1045 1624 1856 697 697 1160 697 4756 4872 4756 4872 1624 119 25 1972 7076 5684 6496 3480 6844 11368 2204 928 2436 1276 4872 4292 1740 1508 11020 1392 3480 3364 6844 5916 348 1508 1972 0 1160 4524 4060 1740 3016 4176 6496 2668 1508 696 8932
1166 1628 258 113 1512 257 819 590 256 364 157 1165 934 1512 475 1396 153 362 252 361 96 95 149 93 2554 2090 1511 3249 2669 1858 1279 2669 2785 2553 2321 2090 1974 2553 2669 2785 1858 3017 2437 3249 3481 3597 2669 3481 3133 1278 1857 1278 3133 2785 1509 1857 2321 698 1973 1393 1277 1509 4292 698 582 698 1393 1857 2668 2668 2668 466 1277 1045 1625 813 350 122 466 697 465 465 34 465 5916 6032 5916 6032 2784 1044 1160 3132 5916 4524 5336 4640 5684 10208 3364 233 1276 117 3712 5452 580 348 9860 232 4640 4524 5684 4756 812 348 812 1160 0 3364 5220 580 1856 3016 5336 1508 2668 464 7772
2207 1744 3598 3366 1859 3134 2554 3946 3598 3018 3482 2207 2438 1859 2902 1975 3250 3713 3597 3018 3365 3365 3481 3365 817 1279 1858 147 702 1511 2090 701 586 816 1047 1279 1394 816 700 585 1510 356 931 138 137 243 700 135 242 2089 1509 2089 241 584 1857 1509 1046 4060 5336 4756 4640 4872 7656 4060 3944 2669 4756 5220 6032 6032 6032 3828 4640 4408 4988 4176 3712 3480 2900 2668 3828 3828 3364 3828 9280 9396 9280 9396 6148 4408 4524 6496 2552 1160 1972 8004 2320 6844 6728 3596 2088 3248 348 8816 2784 3016 6496 3132 8004 7888 2320 1392 4176 3016 2552 4524 3364 0 8584 2784 1508 348 1972 1856 6032 3828 4408
6381 6845 4989 5221 6729 5453 6033 4641 4989 5569 5105 6381 6149 6729 5685 6613 5337 4873 4989 5569 5221 5221 5105 5221 7773 7309 6729 8468 7889 7077 6497 7888 8004 7772 7540 7308 7192 7772 7888 8004 7076 8236 7656 8468 8700 8816 7888 8700 8352 6496 7076 6496 8352 8004 6728 7076 7540 4524 3249 3828 3944 3712 930 4524 4640 5916 3828 3364 2552 2552 2552 4756 3944 4176 3596 4408 4872 5104 5684 5916 4756 4756 5220 4756 697 813 697 813 2436 4176 4060 2088 11136 9744 10556 580 10904 15428 1856 4988 6496 5336 8932 232 5800 5568 15080 5452 580 696 10904 9976 4408 5568 6032 4060 5220 8584 0 5800 7076 8236 10556 6728 2552 4756 12992
592 1051 820 591 935 366 258 1165 820 257 704 590 364 934 156 819 475 934 818 253 588 588 703 588 1974 1511 933 2670 2090 1279 702 2090 2206 1974 1742 1510 1394 1974 2090 2205 1278 2437 1858 2669 2901 3017 2089 2901 2553 700 1278 699 2553 2205 930 1278 1741 1278 2553 1973 1857 2089 4872 1277 1161 128 1973 2437 3248 3248 3248 1045 1857 1625 2204 1393 929 697 123 123 1045 1045 581 1045 6496 6612 6496 6612 3364 1624 1740 3712 5336 3944 4756 5220 5104 9628 3944 812 696 464 3132 6032 15 232 9280 348 5220 5104 5104 4176 1392 232 232 1740 580 2784 5800 0 1276 2436 4756 928 3248 1044 7192
706 261 2091 1860 367 1628 1050 2439 2091 1512 1975 704 934 364 1396 476 1743 2206 2090 1511 1859 1859 1974 1859 703 251 360 1395 817 91 587 817 932 701 472 247 143 701 816 932 80 1163 585 1394 1626 1742 815 1626 1278 584 70 584 1278 930 354 65 468 2553 3829 3249 3133 3365 6148 2553 2437 1161 3248 3712 4524 4524 4524 2321 3132 2900 3480 2668 2204 1972 1393 1161 2320 2320 1856 2320 7772 7888 7772 7888 4640 2900 3016 4988 4060 2668 3480 6496 3828 8352 5220 2088 580 1740 1856 7308 1276 1508 8004 1624 6496 6380 3828 2900 2668 1508 1044 3016 1856 1508 7076 1276 0 1160 3480 348 4524 2320 5916
1860 1397 3250 3018 1513 2786 2207 3598 3250 2670 3134 1859 2091 1512 2554 1627 2902 3366 3250 2670 3018 3018 3134 3018 474 933 1511 250 360 1164 1742 359 248 472 701 932 1047 472 358 246 1163 80 585 245 470 585 356 470 137 1741 1162 1741 135 242 1509 1162 699 3713 4988 4408 4292 4524 7308 3712 3596 2321 4408 4872 5684 5684 5684 3480 4292 4060 4640 3828 3364 3132 2552 2320 3480 3480 3016 3480 8932 9048 8932 9048 5800 4060 4176 6148 2900 1508 2320 7656 2668 7192 6380 3248 1740 2900 696 8468 2436 2668 6844 2784 7656 7540 2668 1740 3828 2668 2204 4176 3016 348 8236 2436 1160 0 2320 1508 5684 3480 4756
4178 3714 5569 5337 3830 5105 4525 5917 5569 4989 5453 4177 4409 3830 4873 3945 5221 5685 5569 4989 5337 5337 5453 5337 2786 3249 3829 2090 2670 3481 4061 2670 2554 2785 3017 3249 3365 2785 2669 2553 3481 2321 2901 2089 1858 1742 2669 1858 2205 4061 3481 4061 2205 2553 3829 3481 3017 6032 7308 6728 6612 6844 9628 6032 5916 4640 6728 7192 8004 8004 8004 5800 6612 6380 6960 6148 5684 5452 4872 4640 5800 5800 5336 5800 11252 11368 11252 11368 8120 6380 6496 8468 581 813 28 9976 349 4872 8700 5568 4060 5220 1624 10788 4756 4988 4524 5104 9976 9860 348 580 6148 4988 4524 6496 5336 1972 10556 4756 3480 2320 0 3828 8004 5800 2436
369 168 1744 1513 119 1281 706 2091 1744 1166 1628 366 591 110 1050 158 1396 1859 1743 1165 1512 1511 1627 1511 1049 588 97 1743 1164 360 250 1164 1279 1048 817 587 472 1048 1163 1279 358 1510 932 1742 1974 2089 1163 1973 1626 244 356 243 1626 1278 69 355 815 2205 3481 2901 2785 3017 5800 2205 2089 814 2901 3364 4176 4176 4176 1973 2784 2552 3132 2320 1857 1625 1045 813 1972 1972 1509 1972 7424 7540 7424 7540 4292 2552 2668 4640 4408 3016 3828 6148 4176 8700 4872 1740 233 1392 2204 6960 928 1160 8352 1276 6148 6032 4176 3248 2320 1160 696 2668 1508 1856 6728 928 348 1508 3828 0 4176 1972 6264
3830 4294 2439 2671 4178 2902 3482 2091 2439 3018 2555 3830 3598 4177 3134 4061 2786 2322 2438 3018 2670 2670 2554 2670 5221 4757 4177 5917 5337 4525 3945 5337 5453 5221 4989 4757 4641 5221 5337 5453 4525 5685 5105 5917 6149 6264 5337 6148 5800 3945 4525 3945 5800 5452 4177 4525 4988 1973 699 1278 1393 1162 1625 1973 2089 3365 1277 814 56 55 54 2205 1393 1625 1045 1857 2320 2552 3132 3364 2204 2204 2668 2204 3248 3364 3248 3364 121 1624 1508 465 8584 7192 8004 1972 8352 12876 696 2436 3944 2784 6380 2784 3248 3016 12528 2900 1972 1856 8352 7424 1856 3016 3480 1508 2668 6032 2552 3248 4524 5684 8004 4176 0 2204 10440
1629 2092 263 480 1976 706 1282 165 260 820 367 1628 1397 1975 935 1859 590 158 255 819 476 476 363 475 3018 2554 1974 3713 3134 2322 1743 3133 3249 3017 2785 2554 2438 3017 3133 3249 2322 3481 2901 3713 3945 4061 3133 3945 3597 1742 2321 1742 3597 3249 1973 2321 2785 242 1509 930 815 1046 3829 240 131 1162 930 1393 2205 2205 2205 54 814 582 1161 352 126 351 929 1161 45 44 466 42 5452 5568 5452 5568 2320 581 697 2668 6380 4988 5800 4176 6148 10672 2900 233 1740 580 4176 4988 1044 812 10324 696 4176 4060 6148 5220 348 812 1276 696 464 3828 4756 1044 2320 3480 5800 1972 2204 0 8236
6613 6149 8005 7773 6265 7541 6961 8353 8005 7425 7889 6613 6845 6265 7309 6381 7657 8121 8005 7425 7773 7773 7889 7773 5221 5685 6265 4525 5105 5917 6497 5105 4989 5221 5453 5685 5801 5221 5105 4989 5917 4757 5337 4525 4293 4177 5105 4293 4641 6496 5916 6496 4641 4989 6264 5916 5452 8468 9744 9164 9048 9280 12064 8468 8352 7076 9164 9628 10440 10440 10440 8236 9048 8816 9396 8584 8120 7888 7308 7076 8236 8236 7772 8236 13688 13804 13688 13804 10556 8816 8932 10904 1856 3248 2436 12412 2088 2436 11136 8004 6496 7656 4060 13224 7192 7424 2088 7540 12412 12296 2088 3016 8584 7424 6960 8932 7772 4408 12992 7192 5916 4756 2436 6264 10440 8236 0
