c 101 101
0 6 14 14 26 17 22 32 16 14 23 14 16 29 18 34 39 27 32 19 20 21 26 33 34 25 27 27 36 29 32 32 34 41 40 52 42 52 42 39 40 44 46 52 56 60 57 55 59 49 51 53 52 55 58 56 57 57 61 64 67 63 64 68 67 65 71 69 68 69 72 71 72 73 74 75 77 80 80 80 81 85 86 88 88 93 87 88 89 90 94 93 95 94 95 97 97 99 100 102 100
6 0 20 20 20 11 16 26 21 9 17 18 12 23 14 29 34 22 26 21 21 22 29 37 38 26 25 27 40 28 29 30 36 44 43 47 38 47 45 38 40 41 43 48 52 55 52 51 55 49 51 51 51 56 60 57 55 56 59 61 63 61 62 65 69 66 72 69 67 68 72 71 72 73 74 75 77 80 80 81 81 82 84 85 85 90 85 86 87 88 91 91 93 92 94 95 96 97 98 99 99
14 20 0 1 40 30 35 45 6 26 36 10 27 41 28 47 52 38 43 20 21 21 20 23 24 25 31 29 28 31 37 35 30 33 33 62 49 61 36 40 40 50 51 60 65 68 64 62 67 48 48 56 53 51 53 53 59 58 66 69 72 67 66 73 62 63 65 65 68 69 68 69 71 72 72 73 74 75 76 77 78 89 90 92 91 97 88 90 91 90 97 95 97 96 97 99 99 102 102 104 100
14 20 1 0 40 30 35 45 5 26 36 9 27 41 27 47 52 38 43 19 20 21 19 22 23 24 30 28 27 30 36 34 29 32 32 62 48 60 35 39 39 49 50 59 64 68 64 61 67 47 47 56 52 50 52 52 58 57 65 68 71 66 65 72 61 62 64 64 67 68 67 68 70 71 71 72 73 74 75 76 77 88 89 91 90 97 87 89 90 89 96 94 96 95 96 98 98 101 101 103 99
26 20 40 40 0 10 5 6 40 16 8 36 17 9 18 12 16 14 14 34 34 34 44 53 54 37 30 35 55 35 31 34 47 58 57 34 32 34 56 43 45 38 39 39 41 43 43 43 45 55 57 49 53 65 69 64 55 57 54 55 56 58 59 59 76 70 81 75 68 69 78 74 74 76 78 79 81 86 85 85 86 77 78 79 80 82 83 84 85 86 86 87 88 90 91 91 93 93 94 95 98
17 11 30 30 10 0 5 15 30 6 7 26 9 13 10 18 23 13 16 24 25 26 34 44 44 28 23 27 45 28 26 28 39 49 48 38 31 38 48 37 39 36 37 40 43 46 44 44 47 49 51 46 49 58 62 57 51 53 53 55 57 56 57 59 70 65 74 69 64 65 72 70 70 71 73 74 76 80 80 80 81 77 78 79 80 83 81 82 83 84 86 86 87 88 89 90 91 92 93 94 96
22 16 35 35 5 5 0 10 35 10 4 30 12 9 13 13 18 11 13 28 29 29 38 48 48 31 25 30 49 30 26 29 42 52 51 34 30 34 51 39 40 35 36 38 40 43 42 42 44 51 53 46 49 60 64 59 51 53 52 53 55 55 56 57 72 66 76 71 64 65 74 70 70 72 74 75 77 82 81 81 82 75 76 78 78 81 80 81 82 84 84 85 86 87 88 89 90 91 92 93 95
32 26 45 45 6 15 10 0 45 20 10 40 21 8 21 8 10 14 12 37 37 38 47 57 58 39 31 37 58 37 31 35 50 61 59 29 31 30 59 44 46 37 37 36 37 39 39 40 41 56 58 47 52 66 71 64 54 56 52 52 53 56 58 56 77 70 82 76 67 68 79 74 73 75 78 78 81 87 85 85 86 74 75 76 77 78 81 82 83 85 83 85 85 87 88 89 90 90 92 92 96
16 21 6 5 40 30 35 45 0 25 35 6 25 40 26 46 51 36 41 15 16 16 14 18 19 20 27 24 22 26 33 30 24 27 27 59 45 58 30 34 35 45 47 56 61 65 60 57 63 42 42 51 48 45 47 47 53 53 60 64 67 61 61 68 56 57 59 59 63 64 62 64 65 66 66 67 68 69 70 71 72 83 85 87 85 92 83 84 85 84 91 89 92 90 91 93 93 96 97 98 94
14 9 26 26 16 6 10 20 25 0 10 20 3 16 5 21 26 13 17 18 19 19 28 38 38 22 18 21 39 22 21 23 33 42 41 38 29 38 42 32 33 33 34 39 42 46 43 42 46 43 45 42 44 52 56 51 47 48 50 52 54 52 53 56 64 59 68 64 59 60 67 64 65 66 68 69 71 75 74 75 75 74 75 76 76 80 77 78 79 80 82 82 84 84 85 86 87 89 90 91 91
23 17 36 36 8 7 4 10 35 10 0 30 10 6 11 11 16 7 9 27 27 27 37 47 47 29 22 27 48 28 23 26 40 51 49 31 26 31 49 35 37 31 32 34 37 39 38 38 40 47 49 42 45 57 62 56 48 50 48 49 51 51 52 53 68 62 73 67 60 61 70 67 66 68 70 71 74 79 77 78 78 71 72 74 74 77 76 77 78 80 80 81 82 83 84 85 86 87 88 89 91
14 18 10 9 36 26 30 40 6 20 30 0 20 35 20 40 45 31 36 9 10 11 12 19 20 15 21 18 22 21 27 25 21 27 26 54 39 52 29 30 30 40 41 50 55 59 55 52 57 38 39 46 43 43 45 44 48 48 55 58 62 56 56 63 54 54 58 56 58 59 59 60 61 62 63 64 65 67 67 68 69 78 80 82 81 87 78 80 81 80 86 85 87 85 87 89 89 91 92 94 90
16 12 27 27 17 9 12 21 25 3 10 20 0 15 2 20 25 11 16 17 17 17 27 37 37 20 15 19 38 20 18 20 30 41 40 36 26 35 40 29 30 30 31 36 40 43 40 39 43 41 42 39 41 49 53 49 44 45 47 49 51 49 50 53 61 56 65 61 56 57 64 61 62 63 65 66 68 72 71 72 72 71 72 73 73 77 74 75 76 77 79 79 81 81 82 83 84 86 87 88 88
29 23 41 41 9 13 9 8 40 16 6 35 15 0 15 5 10 6 5 31 31 31 41 51 51 32 24 30 51 30 23 27 42 54 52 26 24 26 51 36 38 29 30 30 32 35 34 34 36 48 50 40 45 58 63 57 46 49 45 46 47 49 50 50 69 62 74 68 59 60 71 66 66 68 70 71 74 79 77 78 78 68 69 70 71 73 74 75 76 78 77 78 79 81 82 82 84 84 85 86 89
18 14 28 27 18 10 13 21 26 5 11 20 2 15 0 20 25 10 16 16 16 17 26 36 36 19 13 17 37 18 16 18 29 40 39 35 24 34 38 27 29 28 29 35 38 42 39 37 42 39 41 37 39 47 52 47 42 43 45 47 49 47 48 51 59 54 64 59 54 55 62 59 60 61 63 64 66 70 69 70 71 69 70 72 71 76 72 73 74 75 77 77 79 79 80 81 82 84 85 86 86
34 29 47 47 12 18 13 8 46 21 11 40 20 5 20 0 5 10 6 35 35 36 46 56 56 36 27 33 56 33 26 30 46 58 56 22 23 23 55 38 41 30 30 28 29 31 31 32 33 50 52 40 46 60 66 59 47 49 44 45 45 48 50 48 71 63 76 69 59 60 72 67 66 68 71 72 75 80 79 79 79 66 67 68 69 70 73 74 75 77 75 77 77 80 80 81 82 82 84 84 89
39 34 52 52 16 23 18 10 51 26 16 45 25 10 25 5 0 15 10 40 40 40 50 60 61 41 32 38 60 37 30 34 51 62 61 19 25 21 59 42 44 31 32 28 28 29 30 32 32 53 56 41 48 64 69 62 48 51 45 45 45 49 51 48 75 66 80 72 61 62 75 69 68 70 73 74 77 83 81 81 81 66 67 67 69 69 74 74 75 77 75 77 77 80 81 81 82 82 83 84 89
27 22 38 38 14 13 11 14 36 13 7 31 11 6 10 10 15 0 5 25 25 25 35 45 46 26 17 23 45 23 17 21 36 48 46 25 19 25 45 30 32 24 25 28 30 33 31 31 34 42 44 35 39 52 57 50 41 43 41 42 44 44 46 46 63 56 68 62 54 55 65 60 60 62 64 65 68 73 71 72 72 64 65 67 67 70 69 70 71 73 73 74 75 76 77 78 79 80 81 82 84
32 26 43 43 14 16 13 12 41 17 9 36 16 5 16 6 10 5 0 30 30 30 40 50 50 31 22 28 50 27 20 24 40 52 51 21 19 21 49 33 35 25 25 25 28 30 29 29 31 45 47 35 40 55 60 53 42 44 40 41 42 44 46 45 66 58 71 64 55 56 67 62 61 63 66 66 69 75 73 73 74 63 64 65 66 68 69 70 71 73 72 73 74 76 77 77 79 79 80 81 84
19 21 20 19 34 24 28 37 15 18 27 9 17 31 16 35 40 25 30 0 1 2 10 20 21 6 12 9 21 11 18 16 15 24 23 46 30 44 24 21 21 30 32 42 46 50 46 43 49 30 31 37 34 36 39 37 39 39 46 49 53 47 47 53 48 46 52 49 50 51 52 52 53 54 55 56 58 60 60 61 62 69 70 72 71 78 69 71 72 71 77 76 78 76 78 79 80 82 83 84 82
20 21 21 20 34 25 29 37 16 19 27 10 17 31 16 35 40 25 30 1 0 1 10 20 20 5 12 8 21 10 17 15 14 24 23 46 30 43 23 20 20 30 31 41 46 50 45 42 48 29 30 36 33 35 38 36 38 38 45 48 52 46 46 52 47 45 51 48 49 50 51 51 52 53 54 55 57 59 59 60 61 68 69 72 70 77 68 70 71 70 76 75 77 75 77 78 79 81 82 83 81
21 22 21 21 34 26 29 38 16 19 27 11 17 31 17 36 40 25 30 2 1 0 10 20 20 4 11 7 20 9 17 14 14 23 22 45 29 43 23 19 19 29 30 40 45 49 45 41 47 28 29 35 32 34 38 35 37 37 44 47 51 45 45 52 46 44 50 47 48 49 50 50 51 52 53 54 56 58 58 59 60 67 68 71 69 76 67 69 70 69 75 74 76 74 76 77 78 80 81 83 80
26 29 20 19 44 34 38 47 14 28 37 12 27 41 26 46 50 35 40 10 10 10 0 10 10 10 20 15 11 17 25 22 10 15 14 55 38 52 17 23 22 36 38 49 54 58 53 49 55 28 29 40 35 31 33 33 41 40 50 53 57 50 49 57 43 43 46 45 49 50 48 50 51 52 52 53 54 55 56 57 58 71 73 75 73 81 69 71 72 71 79 76 79 77 78 80 80 83 84 85 81
33 37 23 22 53 44 48 57 18 38 47 19 37 51 36 56 60 45 50 20 20 20 10 0 1 20 30 24 5 26 35 31 15 10 11 64 47 62 16 30 29 45 46 58 63 67 61 57 64 32 31 47 40 31 31 34 47 45 56 60 65 56 54 64 41 45 43 45 53 54 48 51 53 53 53 54 54 54 56 57 58 77 78 81 78 87 73 75 76 74 84 80 83 80 81 84 83 87 87 89 83
34 38 24 23 54 44 48 58 19 38 47 20 37 51 36 56 61 46 50 21 20 20 10 1 0 20 30 24 4 25 35 31 14 9 10 64 47 61 15 29 28 44 46 57 62 66 61 57 64 31 31 47 40 30 30 33 46 44 56 59 64 55 54 63 40 44 42 44 52 53 47 50 52 53 52 53 53 53 55 56 57 76 77 80 77 86 72 74 75 73 83 80 83 79 81 83 82 86 87 89 82
25 26 25 24 37 28 31 39 20 22 29 15 20 32 19 36 41 26 31 6 5 4 10 20 20 0 10 4 19 6 15 12 11 22 20 44 27 42 20 15 15 26 28 38 43 47 43 39 45 24 25 32 28 30 34 31 34 33 41 44 48 42 41 48 43 40 47 43 44 45 47 46 47 48 49 50 52 54 54 55 56 64 65 67 66 73 63 65 66 66 72 70 72 71 72 74 74 77 77 79 76
27 25 31 30 30 23 25 31 27 18 22 21 15 24 13 27 32 17 22 12 12 11 20 30 30 10 0 6 29 6 6 5 19 31 29 34 18 32 28 14 16 19 20 29 34 38 34 30 36 26 28 26 26 35 40 34 30 31 35 38 41 37 37 42 47 41 51 46 42 43 49 47 47 48 50 51 53 57 56 57 58 59 60 62 61 67 60 62 63 63 67 66 68 68 69 70 71 73 74 75 74
27 27 29 28 35 27 30 37 24 21 27 18 19 30 17 33 38 23 28 9 8 7 15 24 24 4 6 0 23 2 10 7 13 25 23 40 23 37 22 12 13 22 23 34 39 43 38 34 41 23 24 28 25 31 35 30 30 30 37 40 44 38 38 44 43 39 47 43 41 42 46 44 45 46 48 49 50 54 53 54 55 60 61 64 62 69 60 62 63 63 68 67 69 68 69 71 71 73 74 76 73
36 40 28 27 55 45 49 58 22 39 48 22 38 51 37 56 60 45 50 21 21 20 11 5 4 19 29 23 0 24 33 29 12 5 6 62 45 60 11 26 25 42 43 55 60 64 59 54 61 27 27 44 36 26 26 29 43 40 52 56 61 52 50 60 36 40 38 40 48 49 43 46 48 48 48 49 49 49 50 52 53 72 74 76 74 83 68 70 71 69 79 76 79 75 77 79 78 82 83 85 78
29 28 31 30 35 28 30 37 26 22 28 21 20 30 18 33 37 23 27 11 10 9 17 26 25 6 6 2 24 0 9 5 13 25 24 38 21 36 22 10 11 20 21 32 37 41 36 32 39 21 23 26 23 29 34 29 28 28 35 38 42 36 35 42 41 37 46 41 39 40 44 43 43 44 46 47 49 52 52 52 53 58 59 61 60 67 58 60 61 61 66 65 67 66 67 68 69 71 72 73 71
32 29 37 36 31 26 26 31 33 21 23 27 18 23 16 26 30 17 20 18 17 17 25 35 35 15 6 10 33 9 0 4 22 34 32 29 13 27 30 13 15 13 14 24 29 33 28 25 31 25 27 21 23 35 40 33 26 27 30 32 36 32 32 37 46 39 51 45 38 39 48 44 44 46 48 48 51 56 55 55 55 53 55 57 56 61 56 57 58 59 62 62 63 63 64 66 66 68 69 70 70
32 30 35 34 34 28 29 35 30 23 26 25 20 27 18 30 34 21 24 16 15 14 22 31 31 12 5 7 29 5 4 0 18 30 28 33 16 31 26 9 11 15 16 27 32 36 31 27 34 22 24 22 21 31 36 30 25 26 30 33 37 32 32 38 43 37 47 42 37 38 45 42 42 43 45 46 48 53 52 52 53 54 55 57 56 62 55 57 58 58 62 61 63 63 64 65 66 68 69 70 69
34 36 30 29 47 39 42 50 24 33 40 21 30 42 29 46 51 36 40 15 14 14 10 15 14 11 19 13 12 13 22 18 0 12 10 51 33 48 9 15 14 30 32 43 49 53 47 43 50 18 18 32 26 21 24 23 32 30 41 45 50 41 40 49 33 33 37 35 39 40 38 39 41 42 42 43 44 46 46 47 48 62 63 66 64 72 60 61 62 61 69 67 69 67 68 70 70 73 74 76 70
41 44 33 32 58 49 52 61 27 42 51 27 41 54 40 58 62 48 52 24 24 23 15 10 9 22 31 25 5 25 34 30 12 0 2 63 45 60 7 26 24 42 43 55 60 64 58 54 61 24 23 42 34 22 21 25 40 38 51 55 59 50 48 58 31 36 33 35 45 46 38 42 44 44 44 45 45 44 46 47 48 69 71 74 71 80 65 67 67 66 76 72 75 72 73 75 75 79 79 81 73
40 43 33 32 57 48 51 59 27 41 49 26 40 52 39 56 61 46 51 23 23 22 14 11 10 20 29 23 6 24 32 28 10 2 0 61 43 58 5 24 22 40 41 53 58 62 56 52 59 22 21 40 32 20 20 23 38 35 48 52 57 47 46 56 30 34 32 34 43 44 36 40 42 43 42 43 43 43 44 46 47 67 69 71 69 78 63 65 65 64 74 70 73 70 71 73 73 77 77 79 72
52 47 62 62 34 38 34 29 59 38 31 54 36 26 35 22 19 25 21 46 46 45 55 64 64 44 34 40 62 38 29 33 51 63 61 0 18 4 58 38 40 23 22 12 10 10 13 16 14 47 49 30 39 58 64 55 37 40 30 28 27 34 37 31 67 56 72 63 48 49 65 58 56 58 61 62 65 72 70 70 70 48 49 49 51 50 57 57 58 61 57 59 59 63 63 63 65 64 66 66 73
42 38 49 48 32 31 30 31 45 29 26 39 26 24 24 23 25 19 19 30 30 29 38 47 47 27 18 23 45 21 13 16 33 45 43 18 0 15 40 20 22 6 7 11 16 20 16 13 18 30 32 17 23 41 47 38 23 26 22 23 25 25 27 27 50 41 56 48 36 37 50 44 43 45 48 49 52 58 56 56 56 45 46 48 48 52 51 51 52 54 54 55 56 57 58 59 60 61 62 63 66
52 47 61 60 34 38 34 30 58 38 31 52 35 26 34 23 21 25 21 44 43 43 52 62 61 42 32 37 60 36 27 31 48 60 58 4 15 0 55 35 37 19 19 8 7 9 9 13 11 44 46 26 35 54 60 51 33 37 26 25 24 31 33 28 63 52 68 59 45 45 62 54 52 55 57 58 62 69 66 66 66 45 46 46 48 48 54 54 55 58 54 57 57 60 60 60 62 62 63 63 70
42 45 36 35 56 48 51 59 30 42 49 29 40 51 38 55 59 45 49 24 23 23 17 16 15 20 28 22 11 22 30 26 9 7 5 58 40 55 0 20 18 36 37 49 54 58 53 48 55 17 16 35 27 15 16 18 33 31 44 48 53 43 41 51 26 29 29 29 38 39 32 35 38 38 38 39 39 39 40 41 42 62 64 67 64 73 58 60 60 59 69 65 68 65 66 69 68 72 72 74 67
39 38 40 39 43 37 39 44 34 32 35 30 29 36 27 38 42 30 33 21 20 19 23 30 29 15 14 12 26 10 13 9 15 26 24 38 20 35 20 0 2 16 17 29 34 38 33 28 35 12 14 18 13 22 27 21 19 18 27 30 35 27 26 35 33 28 38 32 29 30 35 33 33 35 36 37 39 43 43 43 44 49 50 53 51 58 49 50 51 51 57 55 57 56 57 59 59 62 62 64 61
40 40 40 39 45 39 40 46 35 33 37 30 30 38 29 41 44 32 35 21 20 19 22 29 28 15 16 13 25 11 15 11 14 24 22 40 22 37 18 2 0 18 19 31 36 40 35 30 37 10 12 19 13 20 25 19 19 18 28 31 36 28 27 35 31 26 36 30 28 29 34 31 32 33 35 36 38 42 41 41 42 49 50 53 51 59 48 50 51 50 57 55 57 55 57 59 59 61 62 64 60
44 41 50 49 38 36 35 37 45 33 31 40 30 29 28 30 31 24 25 30 30 29 36 45 44 26 19 22 42 20 13 15 30 42 40 23 6 19 36 16 18 0 1 13 18 22 17 13 19 24 27 10 17 35 41 32 17 20 17 19 22 20 21 24 44 35 50 41 30 31 44 38 37 39 41 42 45 52 50 50 50 41 42 44 44 48 45 46 47 49 50 50 51 52 53 54 55 56 57 58 60
46 43 51 50 39 37 36 37 47 34 32 41 31 30 29 30 32 25 25 32 31 30 38 46 46 28 20 23 43 21 14 16 32 43 41 22 7 19 37 17 19 1 0 12 17 21 16 11 18 25 27 10 17 36 42 33 17 20 16 18 21 19 20 22 45 35 50 41 30 30 44 38 37 39 41 42 45 52 50 50 50 40 41 43 43 47 44 45 46 48 49 49 50 51 52 53 54 55 56 57 59
52 48 60 59 39 40 38 36 56 39 34 50 36 30 35 28 28 28 25 42 41 40 49 58 57 38 29 34 55 32 24 27 43 55 53 12 11 8 49 29 31 13 12 0 5 9 4 4 7 36 39 18 28 47 53 44 25 29 18 17 17 22 25 20 55 44 61 51 36 37 53 46 44 46 49 50 53 60 58 58 57 38 39 40 41 43 46 46 47 50 47 49 49 52 53 53 55 55 56 56 62
56 52 65 64 41 43 40 37 61 42 37 55 40 32 38 29 28 30 28 46 46 45 54 63 62 43 34 39 60 37 29 32 49 60 58 10 16 7 54 34 36 18 17 5 0 4 3 8 4 41 43 22 32 52 58 48 29 33 21 19 17 25 28 21 59 48 65 55 39 40 57 49 47 49 52 53 57 64 61 61 61 38 39 39 41 41 47 47 48 51 47 50 49 53 53 53 55 55 56 56 63
60 55 68 68 43 46 43 39 65 46 39 59 43 35 42 31 29 33 30 50 50 49 58 67 66 47 38 43 64 41 33 36 53 64 62 10 20 9 58 38 40 22 21 9 4 0 6 11 5 45 47 26 36 56 62 52 32 36 23 21 18 27 30 22 63 51 68 58 42 42 60 52 50 52 55 56 60 67 64 64 64 38 39 39 41 40 49 48 49 53 47 50 50 54 54 54 56 55 56 56 64
57 52 64 64 43 44 42 39 60 43 38 55 40 34 39 31 30 31 29 46 45 45 53 61 61 43 34 38 59 36 28 31 47 58 56 13 16 9 53 33 35 17 16 4 3 6 0 5 3 39 41 20 30 49 56 46 26 30 18 16 15 22 25 18 57 45 62 52 36 37 55 46 44 47 50 50 54 61 59 58 58 36 36 37 39 39 45 45 46 49 45 47 47 50 51 51 53 52 53 54 60
55 51 62 61 43 44 42 40 57 42 38 52 39 34 37 32 32 31 29 43 42 41 49 57 57 39 30 34 54 32 25 27 43 54 52 16 13 13 48 28 30 13 11 4 8 11 5 0 7 34 36 15 25 44 50 41 21 25 14 13 13 18 21 16 52 40 57 47 32 33 50 42 40 42 45 46 49 57 54 54 53 34 35 36 37 39 42 42 43 46 43 45 45 48 49 49 50 50 51 52 57
59 55 67 67 45 47 44 41 63 46 40 57 43 36 42 33 32 34 31 49 48 47 55 64 64 45 36 41 61 39 31 34 50 61 59 14 18 11 55 35 37 19 18 7 4 5 3 7 0 41 43 21 31 51 57 48 27 31 18 16 13 22 25 17 58 46 64 53 37 37 56 47 45 47 50 51 55 62 59 59 59 34 35 35 37 37 44 44 45 48 43 46 46 49 50 50 52 51 52 52 60
49 49 48 47 55 49 51 56 42 43 47 38 41 48 39 50 53 42 45 30 29 28 28 32 31 24 26 23 27 21 25 22 18 24 22 47 30 44 17 12 10 24 25 36 41 45 39 34 41 0 2 20 10 11 17 8 17 14 28 32 37 26 24 35 21 16 26 20 21 22 23 22 23 24 25 26 28 31 31 31 32 45 47 50 47 56 42 43 44 43 52 49 52 49 50 52 52 56 56 58 52
51 51 48 47 57 51 53 58 42 45 49 39 42 50 41 52 56 44 47 31 30 29 29 31 31 25 28 24 27 23 27 24 18 23 21 49 32 46 16 14 12 27 27 39 43 47 41 36 43 2 0 22 12 9 15 6 18 15 29 33 38 27 25 36 19 15 24 18 22 22 22 21 23 23 24 25 26 30 29 30 31 46 47 50 47 57 42 44 44 43 52 49 52 49 50 52 52 56 56 58 52
53 51 56 56 49 46 46 47 51 42 42 46 39 40 37 40 41 35 35 37 36 35 40 47 47 32 26 28 44 26 21 22 32 42 40 30 17 26 35 18 19 10 10 18 22 26 20 15 21 20 22 0 10 30 36 26 7 11 9 13 17 10 11 17 37 26 43 33 20 21 36 28 27 29 32 33 36 43 40 40 40 32 34 36 35 41 35 36 37 38 41 40 42 42 43 44 45 47 48 49 50
52 51 53 52 53 49 49 52 48 44 45 43 41 45 39 46 48 39 40 34 33 32 35 40 40 28 26 25 36 23 23 21 26 34 32 39 23 35 27 13 13 17 17 28 32 36 30 25 31 10 12 10 0 20 26 16 6 5 17 21 26 16 14 25 28 18 33 24 16 17 27 21 21 23 25 26 29 35 33 33 33 36 38 40 38 47 35 37 38 37 44 42 44 42 44 46 46 48 49 51 48
55 56 51 50 65 58 60 66 45 52 57 43 49 58 47 60 64 52 55 36 35 34 31 31 30 30 35 31 26 29 35 31 21 22 20 58 41 54 15 22 20 35 36 47 52 56 49 44 51 11 9 30 20 0 6 4 25 21 36 40 46 34 31 43 12 14 16 14 25 26 17 21 23 23 22 23 23 24 25 26 27 50 52 55 51 62 44 46 47 44 56 52 55 51 52 55 54 58 58 60 52
58 60 53 52 69 62 64 71 47 56 62 45 53 63 52 66 69 57 60 39 38 38 33 31 30 34 40 35 26 34 40 36 24 21 20 64 47 60 16 27 25 41 42 53 58 62 56 50 57 17 15 36 26 6 0 10 31 27 42 46 51 40 37 49 10 18 13 15 30 30 17 23 26 25 24 25 24 23 25 26 27 55 56 60 56 67 47 50 50 47 60 55 59 54 55 58 57 62 62 64 54
56 57 53 52 64 57 59 64 47 51 56 44 49 57 47 59 62 50 53 37 36 35 33 34 33 31 34 30 29 29 33 30 23 25 23 55 38 51 18 21 19 32 33 44 48 52 46 41 48 8 6 26 16 4 10 0 21 17 32 36 41 30 27 39 13 11 18 12 21 21 16 17 19 19 19 20 21 23 23 24 25 46 47 50 47 57 40 42 43 40 52 48 51 47 48 51 50 54 54 56 48
57 55 59 58 55 51 51 54 53 47 48 48 44 46 42 47 48 41 42 39 38 37 41 47 46 34 30 30 43 28 26 25 32 40 38 37 23 33 33 19 19 17 17 25 29 32 26 21 27 17 18 7 6 25 31 21 0 4 11 15 20 9 8 18 31 19 36 26 13 14 29 21 20 22 25 25 29 36 33 33 33 30 32 34 32 40 30 32 33 33 38 36 39 37 39 40 41 43 44 45 44
57 56 58 57 57 53 53 56 53 48 50 48 45 49 43 49 51 43 44 39 38 37 40 45 44 33 31 30 40 28 27 26 30 38 35 40 26 37 31 18 18 20 20 29 33 36 30 25 31 14 15 11 5 21 27 17 4 0 15 19 24 13 10 22 27 15 32 22 11 12 25 18 17 19 21 22 25 32 30 30 30 32 33 36 34 43 30 32 33 32 39 37 39 37 39 40 41 43 44 46 43
61 59 66 65 54 53 52 52 60 50 48 55 47 45 45 44 45 41 40 46 45 44 50 56 56 41 35 37 52 35 30 30 41 51 48 30 22 26 44 27 28 17 16 18 21 23 18 14 18 28 29 9 17 36 42 32 11 15 0 4 9 4 7 8 41 29 47 36 19 19 38 29 27 29 32 33 37 44 41 41 40 24 25 27 26 32 29 29 30 33 33 33 34 35 36 37 38 39 40 41 44
64 61 69 68 55 55 53 52 64 52 49 58 49 46 47 45 45 42 41 49 48 47 53 60 59 44 38 40 56 38 32 33 45 55 52 28 23 25 48 30 31 19 18 17 19 21 16 13 16 32 33 13 21 40 46 36 15 19 4 0 5 7 10 4 45 33 50 40 22 22 41 32 30 32 35 36 40 48 44 44 43 22 23 25 25 29 29 29 30 33 31 32 33 35 36 36 38 38 39 40 45
67 63 72 71 56 57 55 53 67 54 51 62 51 47 49 45 45 44 42 53 52 51 57 65 64 48 41 44 61 42 36 37 50 59 57 27 25 24 53 35 36 22 21 17 17 18 15 13 13 37 38 17 26 46 51 41 20 24 9 5 0 12 15 4 50 37 55 45 26 27 46 37 34 36 40 40 44 52 48 48 47 21 22 23 24 26 31 30 31 35 30 33 33 36 36 36 38 38 39 39 46
63 61 67 66 58 56 55 56 61 52 51 56 49 49 47 48 49 44 44 47 46 45 50 56 55 42 37 38 52 36 32 32 41 50 47 34 25 31 43 27 28 20 19 22 25 27 22 18 22 26 27 10 16 34 40 30 9 13 4 7 12 0 3 9 38 25 43 33 15 15 34 25 23 25 28 29 33 40 37 37 36 22 23 26 24 31 25 26 27 29 30 30 32 32 33 34 35 36 37 38 41
64 62 66 65 59 57 56 58 61 53 52 56 50 50 48 50 51 46 46 47 46 45 49 54 54 41 37 38 50 35 32 32 40 48 46 37 27 33 41 26 27 21 20 25 28 30 25 21 25 24 25 11 14 31 37 27 8 10 7 10 15 3 0 12 35 22 40 29 12 12 31 22 20 22 25 26 30 37 34 34 33 22 24 26 25 33 24 25 26 27 30 29 31 31 32 33 34 36 37 38 39
68 65 73 72 59 59 57 56 68 56 53 63 53 50 51 48 48 46 45 53 52 52 57 64 63 48 42 44 60 42 37 38 49 58 56 31 27 28 51 35 35 24 22 20 21 22 18 16 17 35 36 17 25 43 49 39 18 22 8 4 4 9 12 0 47 34 52 41 23 23 43 33 30 33 36 36 40 48 45 44 43 18 19 20 21 25 26 26 27 31 27 29 29 32 33 33 34 34 35 36 42
67 69 62 61 76 70 72 77 56 64 68 54 61 69 59 71 75 63 66 48 47 46 43 41 40 43 47 43 36 41 46 43 33 31 30 67 50 63 26 33 31 44 45 55 59 63 57 52 58 21 19 37 28 12 10 13 31 27 41 45 50 38 35 47 0 13 5 7 25 25 8 17 20 18 16 17 15 13 15 16 17 50 51 54 50 62 40 43 43 40 54 48 52 46 48 51 49 54 54 56 45
65 66 63 62 70 65 66 70 57 59 62 54 56 62 54 63 66 56 58 46 45 44 43 45 44 40 41 39 40 37 39 37 33 36 34 56 41 52 29 28 26 35 35 44 48 51 45 40 46 16 15 26 18 14 18 11 19 15 29 33 37 25 22 34 13 0 18 7 12 13 9 6 9 9 9 10 12 17 15 16 16 38 39 42 38 49 30 32 33 30 42 37 41 36 38 40 39 44 44 46 38
71 72 65 64 81 74 76 82 59 68 73 58 65 74 64 76 80 68 71 52 51 50 46 43 42 47 51 47 38 46 51 47 37 33 32 72 56 68 29 38 36 50 50 61 65 68 62 57 64 26 24 43 33 16 13 18 36 32 47 50 55 43 40 52 5 18 0 11 30 30 11 21 24 22 20 20 17 13 16 17 18 54 55 59 54 66 44 46 47 43 57 51 55 49 50 54 52 57 57 59 47
69 69 65 64 75 69 71 76 59 64 67 56 61 68 59 69 72 62 64 49 48 47 45 45 44 43 46 43 40 41 45 42 35 35 34 63 48 59 29 32 30 41 41 51 55 58 52 47 53 20 18 33 24 14 15 12 26 22 36 40 45 33 29 41 7 7 11 0 19 19 3 10 13 12 10 11 9 11 11 12 13 43 45 48 43 55 34 36 37 33 47 42 45 40 41 44 42 48 48 50 39
68 67 68 67 68 64 64 67 63 59 60 58 56 59 54 59 61 54 55 50 49 48 49 53 52 44 42 41 48 39 38 37 39 45 43 48 36 45 38 29 28 30 30 36 39 42 36 32 37 21 22 20 16 25 30 21 13 11 19 22 26 15 12 23 25 12 30 19 0 1 20 10 8 10 13 14 18 26 22 22 22 26 27 30 26 37 20 22 23 22 31 27 31 27 29 31 30 34 34 36 32
69 68 69 68 69 65 65 68 64 60 61 59 57 60 55 60 62 55 56 51 50 49 50 54 53 45 43 42 49 40 39 38 40 46 44 49 37 45 39 30 29 31 30 37 40 42 37 33 37 22 22 21 17 26 30 21 14 12 19 22 27 15 12 23 25 13 30 19 1 0 20 10 8 10 13 13 17 25 22 21 21 25 26 30 26 37 19 21 22 21 30 27 30 26 28 30 30 33 34 36 31
72 72 68 67 78 72 74 79 62 67 70 59 64 71 62 72 75 65 67 52 51 50 48 48 47 47 49 46 43 44 48 45 38 38 36 65 50 62 32 35 34 44 44 53 57 60 55 50 56 23 22 36 27 17 17 16 29 25 38 41 46 34 31 43 8 9 11 3 20 20 0 10 13 11 9 9 7 8 8 9 10 43 45 48 43 55 33 35 36 32 47 41 45 39 40 43 41 47 46 49 37
71 71 69 68 74 70 70 74 64 64 67 60 61 66 59 67 69 60 62 52 51 50 50 51 50 46 47 44 46 43 44 42 39 42 40 58 44 54 35 33 31 38 38 46 49 52 46 42 47 22 21 28 21 21 23 17 21 18 29 32 37 25 22 33 17 6 21 10 10 10 10 0 3 2 4 4 8 15 12 12 12 34 35 38 34 45 24 26 27 24 37 32 36 30 32 35 33 38 38 40 31
72 72 71 70 74 70 70 73 65 65 66 61 62 66 60 66 68 60 61 53 52 51 51 53 52 47 47 45 48 43 44 42 41 44 42 56 43 52 38 33 32 37 37 44 47 50 44 40 45 23 23 27 21 23 26 19 20 17 27 30 34 23 20 30 20 9 24 13 8 8 13 3 0 2 5 6 10 18 14 14 14 30 32 35 30 42 21 23 24 21 34 29 33 28 29 32 31 35 35 37 29
73 73 72 71 76 71 72 75 66 66 68 62 63 68 61 68 70 62 63 54 53 52 52 53 53 48 48 46 48 44 46 43 42 44 43 58 45 55 38 35 33 39 39 46 49 52 47 42 47 24 23 29 23 23 25 19 22 19 29 32 36 25 22 33 18 9 22 12 10 10 11 2 2 0 3 4 8 16 12 12 11 32 33 36 32 44 22 24 25 22 35 30 34 28 30 33 31 36 36 38 29
74 74 72 71 78 73 74 78 66 68 70 63 65 70 63 71 73 64 66 55 54 53 52 53 52 49 50 48 48 46 48 45 42 44 42 61 48 57 38 36 35 41 41 49 52 55 50 45 50 25 24 32 25 22 24 19 25 21 32 35 40 28 25 36 16 9 20 10 13 13 9 4 5 3 0 1 4 12 9 9 8 35 36 39 34 46 24 26 27 23 38 32 36 30 31 34 33 38 38 40 30
75 75 73 72 79 74 75 78 67 69 71 64 66 71 64 72 74 65 66 56 55 54 53 54 53 50 51 49 49 47 48 46 43 45 43 62 49 58 39 37 36 42 42 50 53 56 50 46 51 26 25 33 26 23 25 20 25 22 33 36 40 29 26 36 17 10 20 11 14 13 9 4 6 4 1 0 4 12 9 8 8 35 36 39 34 46 24 26 26 23 37 31 35 29 31 34 32 37 37 39 29
77 77 74 73 81 76 77 81 68 71 74 65 68 74 66 75 77 68 69 58 57 56 54 54 53 52 53 50 49 49 51 48 44 45 43 65 52 62 39 39 38 45 45 53 57 60 54 49 55 28 26 36 29 23 24 21 29 25 37 40 44 33 30 40 15 12 17 9 18 17 7 8 10 8 4 4 0 8 4 4 4 38 39 43 38 50 27 29 30 26 40 34 38 32 33 36 34 40 40 42 30
80 80 75 74 86 80 82 87 69 75 79 67 72 79 70 80 83 73 75 60 59 58 55 54 53 54 57 54 49 52 56 53 46 44 43 72 58 69 39 43 42 52 52 60 64 67 61 57 62 31 30 43 35 24 23 23 36 32 44 48 52 40 37 48 13 17 13 11 26 25 8 15 18 16 12 12 8 0 4 5 7 46 47 50 46 58 34 36 37 32 48 41 46 38 40 43 41 47 46 48 35
80 80 76 75 85 80 81 85 70 74 77 67 71 77 69 79 81 71 73 60 59 58 56 56 55 54 56 53 50 52 55 52 46 46 44 70 56 66 40 43 41 50 50 58 61 64 59 54 59 31 29 40 33 25 25 23 33 30 41 44 48 37 34 45 15 15 16 11 22 22 8 12 14 12 9 9 4 4 0 1 3 42 43 46 41 53 30 32 33 28 44 37 41 34 36 39 37 42 42 44 31
80 81 77 76 85 80 81 85 71 75 78 68 72 78 70 79 81 72 73 61 60 59 57 57 56 55 57 54 52 52 55 52 47 47 46 70 56 66 41 43 41 50 50 58 61 64 58 54 59 31 30 40 33 26 26 24 33 30 41 44 48 37 34 44 16 16 17 12 22 21 9 12 14 12 9 8 4 5 1 0 1 41 42 45 40 52 29 31 31 27 42 36 40 33 34 38 35 41 41 43 30
81 81 78 77 86 81 82 86 72 75 78 69 72 78 71 79 81 72 74 62 61 60 58 58 57 56 58 55 53 53 55 53 48 48 47 70 56 66 42 44 42 50 50 57 61 64 58 53 59 32 31 40 33 27 27 25 33 30 40 43 47 36 33 43 17 16 18 13 22 21 10 12 14 11 8 8 4 7 3 1 0 40 41 44 39 51 28 30 30 26 41 35 39 32 33 36 34 40 39 42 28
85 82 89 88 77 77 75 74 83 74 71 78 71 68 69 66 66 64 63 69 68 67 71 77 76 64 59 60 72 58 53 54 62 69 67 48 45 45 62 49 49 41 40 38 38 38 36 34 34 45 46 32 36 50 55 46 30 32 24 22 21 22 22 18 50 38 54 43 26 25 43 34 30 32 35 35 38 46 42 41 40 0 1 4 3 12 14 13 13 18 9 12 11 16 16 16 18 16 18 18 28
86 84 90 89 78 78 76 75 85 75 72 80 72 69 70 67 67 65 64 70 69 68 73 78 77 65 60 61 74 59 55 55 63 71 69 49 46 46 64 50 50 42 41 39 39 39 36 35 35 47 47 34 38 52 56 47 32 33 25 23 22 23 24 19 51 39 55 45 27 26 45 35 32 33 36 36 39 47 43 42 41 1 0 3 3 10 15 13 13 18 8 12 11 16 16 15 18 16 17 17 28
88 85 92 91 79 79 78 76 87 76 74 82 73 70 72 68 67 67 65 72 72 71 75 81 80 67 62 64 76 61 57 57 66 74 71 49 48 46 67 53 53 44 43 40 39 39 37 36 35 50 50 36 40 55 60 50 34 36 27 25 23 26 26 20 54 42 59 48 30 30 48 38 35 36 39 39 43 50 46 45 44 4 3 0 5 7 17 16 16 21 8 14 11 18 18 16 19 16 17 17 29
88 85 91 90 80 80 78 77 85 76 74 81 73 71 71 69 69 67 66 71 70 69 73 78 77 66 61 62 74 60 56 56 64 71 69 51 48 48 64 51 51 44 43 41 41 41 39 37 37 47 47 35 38 51 56 47 32 34 26 25 24 24 25 21 50 38 54 43 26 26 43 34 30 32 34 34 38 46 41 40 39 3 3 5 0 12 12 10 11 16 6 9 8 13 13 13 15 13 15 15 25
93 90 97 97 82 83 81 78 92 80 77 87 77 73 76 70 69 70 68 78 77 76 81 87 86 73 67 69 83 67 61 62 72 80 78 50 52 48 73 58 59 48 47 43 41 40 39 39 37 56 57 41 47 62 67 57 40 43 32 29 26 31 33 25 62 49 66 55 37 37 55 45 42 44 46 46 50 58 53 52 51 12 10 7 12 0 24 22 22 27 12 19 16 23 23 21 24 19 21 20 34
87 85 88 87 83 81 80 81 83 77 76 78 74 74 72 73 74 69 69 69 68 67 69 73 72 63 60 60 68 58 56 55 60 65 63 57 51 54 58 49 48 45 44 46 47 49 45 42 44 42 42 35 35 44 47 40 30 30 29 29 31 25 24 26 40 30 44 34 20 19 33 24 21 22 24 24 27 34 30 29 28 14 15 17 12 24 0 2 3 4 14 8 12 7 9 11 10 14 14 16 16
88 86 90 89 84 82 81 82 84 78 77 80 75 75 73 74 74 70 70 71 70 69 71 75 74 65 62 62 70 60 57 57 61 67 65 57 51 54 60 50 50 46 45 46 47 48 45 42 44 43 44 36 37 46 50 42 32 32 29 29 30 26 25 26 43 32 46 36 22 21 35 26 23 24 26 26 29 36 32 31 30 13 13 16 10 22 2 0 1 5 11 6 9 6 7 9 9 12 13 14 16
89 87 91 90 85 83 82 83 85 79 78 81 76 76 74 75 75 71 71 72 71 70 72 76 75 66 63 63 71 61 58 58 62 67 65 58 52 55 60 51 51 47 46 47 48 49 46 43 45 44 44 37 38 47 50 43 33 33 30 30 31 27 26 27 43 33 47 37 23 22 36 27 24 25 27 26 30 37 33 31 30 13 13 16 11 22 3 1 0 5 11 5 9 5 6 8 8 11 12 14 15
90 88 90 89 86 84 84 85 84 80 80 80 77 78 75 77 77 73 73 71 70 69 71 74 73 66 63 63 69 61 59 58 61 66 64 61 54 58 59 51 50 49 48 50 51 53 49 46 48 43 43 38 37 44 47 40 33 32 33 33 35 29 27 31 40 30 43 33 22 21 32 24 21 22 23 23 26 32 28 27 26 18 18 21 16 27 4 5 5 0 16 9 13 6 8 11 9 14 14 16 12
94 91 97 96 86 86 84 83 91 82 80 86 79 77 77 75 75 73 72 77 76 75 79 84 83 72 67 68 79 66 62 62 69 76 74 57 54 54 69 57 57 50 49 47 47 47 45 43 43 52 52 41 44 56 60 52 38 39 33 31 30 30 30 27 54 42 57 47 31 30 47 37 34 35 38 37 40 48 44 42 41 9 8 8 6 12 14 11 11 16 0 7 4 11 11 9 12 8 9 9 22
93 91 95 94 87 86 85 85 89 82 81 85 79 78 77 77 77 74 73 76 75 74 76 80 80 70 66 67 76 65 62 61 67 72 70 59 55 57 65 55 55 50 49 49 50 50 47 45 46 49 49 40 42 52 55 48 36 37 33 32 33 30 29 29 48 37 51 42 27 27 41 32 29 30 32 31 34 41 37 36 35 12 12 14 9 19 8 6 5 9 7 0 4 4 4 4 6 7 7 9 16
95 93 97 96 88 87 86 85 92 84 82 87 81 79 79 77 77 75 74 78 77 76 79 83 83 72 68 69 79 67 63 63 69 75 73 59 56 57 68 57 57 51 50 49 49 50 47 45 46 52 52 42 44 55 59 51 39 39 34 33 33 32 31 29 52 41 55 45 31 30 45 36 33 34 36 35 38 46 41 40 39 11 11 11 8 16 12 9 9 13 4 4 0 8 7 5 8 5 6 7 19
94 92 96 95 90 88 87 87 90 84 83 85 81 81 79 80 80 76 76 76 75 74 77 80 79 71 68 68 75 66 63 63 67 72 70 63 57 60 65 56 55 52 51 52 53 54 50 48 49 49 49 42 42 51 54 47 37 37 35 35 36 32 31 32 46 36 49 40 27 26 39 30 28 28 30 29 32 38 34 33 32 16 16 18 13 23 7 6 5 6 11 4 8 0 1 4 3 8 8 10 11
95 94 97 96 91 89 88 88 91 85 84 87 82 82 80 80 81 77 77 78 77 76 78 81 81 72 69 69 77 67 64 64 68 73 71 63 58 60 66 57 57 53 52 53 53 54 51 49 50 50 50 43 44 52 55 48 39 39 36 36 36 33 32 33 48 38 50 41 29 28 40 32 29 30 31 31 33 40 36 34 33 16 16 18 13 23 9 7 6 8 11 4 7 1 0 3 2 7 6 9 12
97 95 99 98 91 90 89 89 93 86 85 89 83 82 81 81 81 78 77 79 78 77 80 84 83 74 70 71 79 68 66 65 70 75 73 63 59 60 69 59 59 54 53 53 53 54 51 49 50 52 52 44 46 55 58 51 40 40 37 36 36 34 33 33 51 40 54 44 31 30 43 35 32 33 34 34 36 43 39 38 36 16 15 16 13 21 11 9 8 11 9 4 5 4 3 0 3 4 4 6 14
97 96 99 98 93 91 90 90 93 87 86 89 84 84 82 82 82 79 79 80 79 78 80 83 82 74 71 71 78 69 66 66 70 75 73 65 60 62 68 59 59 55 54 55 55 56 53 50 52 52 52 45 46 54 57 50 41 41 38 38 38 35 34 34 49 39 52 42 30 30 41 33 31 31 33 32 34 41 37 35 34 18 18 19 15 24 10 9 8 9 12 6 8 3 2 3 0 6 5 8 11
99 97 102 101 93 92 91 90 96 89 87 91 86 84 84 82 82 80 79 82 81 80 83 87 86 77 73 73 82 71 68 68 73 79 77 64 61 62 72 62 61 56 55 55 55 55 52 50 51 56 56 47 48 58 62 54 43 43 39 38 38 36 36 34 54 44 57 48 34 33 47 38 35 36 38 37 40 47 42 41 40 16 16 16 13 19 14 12 11 14 8 7 5 8 7 4 6 0 1 2 16
100 98 102 101 94 93 92 92 97 90 88 92 87 85 85 84 83 81 80 83 82 81 84 87 87 77 74 74 83 72 69 69 74 79 77 66 62 63 72 62 62 57 56 56 56 56 53 51 52 56 56 48 49 58 62 54 44 44 40 39 39 37 37 35 54 44 57 48 34 34 46 38 35 36 38 37 40 46 42 41 39 18 17 17 15 21 14 13 12 14 9 7 6 8 6 4 5 1 0 2 15
102 99 104 103 95 94 93 92 98 91 89 94 88 86 86 84 84 82 81 84 83 83 85 89 89 79 75 76 85 73 70 70 76 81 79 66 63 63 74 64 64 58 57 56 56 56 54 52 52 58 58 49 51 60 64 56 45 46 41 40 39 38 38 36 56 46 59 50 36 36 49 40 37 38 40 39 42 48 44 43 42 18 17 17 15 20 16 14 14 16 9 9 7 10 9 6 8 2 2 0 17
100 99 100 99 98 96 95 96 94 91 91 90 88 89 86 89 89 84 84 82 81 80 81 83 82 76 74 73 78 71 70 69 70 73 72 73 66 70 67 61 60 60 59 62 63 64 60 57 60 52 52 50 48 52 54 48 44 43 44 45 46 41 39 42 45 38 47 39 32 31 37 31 29 29 30 29 30 35 31 30 28 28 28 29 25 34 16 16 15 12 22 16 19 11 12 14 11 16 15 17 0
