c 76 76
0 500 1100 1800 2008 893 6 500 1100 1800 2010 892 12 500 1100 1800 3050 3700 3700 3050 3700 3050 1800 4750 4250 5850 6550 6758 5643 4750 4250 5850 6550 6760 5642 4750 4250 5850 6550 7800 8450 8450 7800 8450 7800 6550 9500 9000 10600 11300 11508 10393 9500 9000 10600 11300 11510 10392 9500 9000 10600 11300 12550 13200 13200 12550 13200 12550 11300 16200 16200 16200 16200 3401 3401 3401
500 0 1600 2300 2508 1393 500 6 1600 2300 2510 1392 500 12 1600 2300 3550 4200 4200 3550 4200 3550 2300 5250 4750 6350 7050 7258 6143 5250 4750 6350 7050 7260 6142 5250 4750 6350 7050 8300 8950 8950 8300 8950 8300 7050 10000 9500 11100 11800 12008 10893 10000 9500 11100 11800 12010 10892 10000 9500 11100 11800 13050 13700 13700 13050 13700 13050 11800 16700 16700 16700 16700 2901 2901 2901
1100 1600 0 700 908 207 1100 1600 6 700 910 208 1100 1600 12 700 1950 2600 2600 1950 2600 1950 700 3650 3150 4750 5450 5658 4543 3650 3150 4750 5450 5660 4542 3650 3150 4750 5450 6700 7350 7350 6700 7350 6700 5450 8400 7900 9500 10200 10408 9293 8400 7900 9500 10200 10410 9292 8400 7900 9500 10200 11450 12100 12100 11450 12100 11450 10200 15100 15100 15100 15100 4501 4501 4501
1800 2300 700 0 208 907 1800 2300 700 6 210 908 1800 2300 700 12 1250 1900 1900 1250 1900 1250 19 2950 2450 4050 4750 4958 3843 2950 2450 4050 4750 4960 3842 2950 2450 4050 4750 6000 6650 6650 6000 6650 6000 4750 7700 7200 8800 9500 9708 8593 7700 7200 8800 9500 9710 8592 7700 7200 8800 9500 10750 11400 11400 10750 11400 10750 9500 14400 14400 14400 14400 5200 5200 5200
2008 2508 908 208 0 1115 2008 2508 908 208 6 1116 2008 2508 908 208 1042 1692 1692 1042 1692 1042 209 2742 2242 3842 4542 4750 3635 2742 2242 3842 4542 4752 3634 2742 2242 3842 4542 5792 6442 6442 5792 6442 5792 4542 7492 6992 8592 9292 9500 8385 7492 6992 8592 9292 9502 8384 7492 6992 8592 9292 10542 11192 11192 10542 11192 10542 9292 14192 14192 14192 14192 5408 5408 5408
893 1393 207 907 1115 0 893 1393 207 907 1117 6 893 1393 207 907 2157 2807 2807 2157 2807 2157 907 3857 3357 4957 5657 5865 4750 3857 3357 4957 5657 5867 4749 3857 3357 4957 5657 6907 7557 7557 6907 7557 6907 5657 8607 8107 9707 10407 10615 9500 8607 8107 9707 10407 10617 9499 8607 8107 9707 10407 11657 12307 12307 11657 12307 11657 10407 15307 15307 15307 15307 4294 4294 4294
6 500 1100 1800 2008 893 0 500 1100 1800 2010 892 6 500 1100 1800 3050 3700 3700 3050 3700 3050 1800 4750 4250 5850 6550 6758 5643 4750 4250 5850 6550 6760 5642 4750 4250 5850 6550 7800 8450 8450 7800 8450 7800 6550 9500 9000 10600 11300 11508 10393 9500 9000 10600 11300 11510 10392 9500 9000 10600 11300 12550 13200 13200 12550 13200 12550 11300 16200 16200 16200 16200 3401 3401 3401
500 6 1600 2300 2508 1393 500 0 1600 2300 2510 1392 500 6 1600 2300 3550 4200 4200 3550 4200 3550 2300 5250 4750 6350 7050 7258 6143 5250 4750 6350 7050 7260 6142 5250 4750 6350 7050 8300 8950 8950 8300 8950 8300 7050 10000 9500 11100 11800 12008 10893 10000 9500 11100 11800 12010 10892 10000 9500 11100 11800 13050 13700 13700 13050 13700 13050 11800 16700 16700 16700 16700 2901 2901 2901
1100 1600 6 700 908 207 1100 1600 0 700 910 208 1100 1600 6 700 1950 2600 2600 1950 2600 1950 700 3650 3150 4750 5450 5658 4543 3650 3150 4750 5450 5660 4542 3650 3150 4750 5450 6700 7350 7350 6700 7350 6700 5450 8400 7900 9500 10200 10408 9293 8400 7900 9500 10200 10410 9292 8400 7900 9500 10200 11450 12100 12100 11450 12100 11450 10200 15100 15100 15100 15100 4500 4500 4500
1800 2300 700 6 208 907 1800 2300 700 0 210 908 1800 2300 700 6 1250 1900 1900 1250 1900 1250 13 2950 2450 4050 4750 4958 3843 2950 2450 4050 4750 4960 3842 2950 2450 4050 4750 6000 6650 6650 6000 6650 6000 4750 7700 7200 8800 9500 9708 8593 7700 7200 8800 9500 9710 8592 7700 7200 8800 9500 10750 11400 11400 10750 11400 10750 9500 14400 14400 14400 14400 5200 5200 5200
2010 2510 910 210 6 1117 2010 2510 910 210 0 1118 2010 2510 910 210 1040 1690 1690 1040 1690 1040 210 2740 2240 3840 4540 4748 3633 2740 2240 3840 4540 4750 3632 2740 2240 3840 4540 5790 6440 6440 5790 6440 5790 4540 7490 6990 8590 9290 9498 8383 7490 6990 8590 9290 9500 8382 7490 6990 8590 9290 10540 11190 11190 10540 11190 10540 9290 14190 14190 14190 14190 5410 5410 5410
892 1392 208 908 1116 6 892 1392 208 908 1118 0 892 1392 208 908 2158 2808 2808 2158 2808 2158 908 3858 3358 4958 5658 5866 4751 3858 3358 4958 5658 5868 4750 3858 3358 4958 5658 6908 7558 7558 6908 7558 6908 5658 8608 8108 9708 10408 10616 9501 8608 8108 9708 10408 10618 9500 8608 8108 9708 10408 11658 12308 12308 11658 12308 11658 10408 15308 15308 15308 15308 4292 4292 4292
12 500 1100 1800 2008 893 6 500 1100 1800 2010 892 0 500 1100 1800 3050 3700 3700 3050 3700 3050 1800 4750 4250 5850 6550 6758 5643 4750 4250 5850 6550 6760 5642 4750 4250 5850 6550 7800 8450 8450 7800 8450 7800 6550 9500 9000 10600 11300 11508 10393 9500 9000 10600 11300 11510 10392 9500 9000 10600 11300 12550 13200 13200 12550 13200 12550 11300 16200 16200 16200 16200 3401 3401 3401
500 12 1600 2300 2508 1393 500 6 1600 2300 2510 1392 500 0 1600 2300 3550 4200 4200 3550 4200 3550 2300 5250 4750 6350 7050 7258 6143 5250 4750 6350 7050 7260 6142 5250 4750 6350 7050 8300 8950 8950 8300 8950 8300 7050 10000 9500 11100 11800 12008 10893 10000 9500 11100 11800 12010 10892 10000 9500 11100 11800 13050 13700 13700 13050 13700 13050 11800 16700 16700 16700 16700 2901 2901 2901
1100 1600 12 700 908 207 1100 1600 6 700 910 208 1100 1600 0 700 1950 2600 2600 1950 2600 1950 700 3650 3150 4750 5450 5658 4543 3650 3150 4750 5450 5660 4542 3650 3150 4750 5450 6700 7350 7350 6700 7350 6700 5450 8400 7900 9500 10200 10408 9293 8400 7900 9500 10200 10410 9292 8400 7900 9500 10200 11450 12100 12100 11450 12100 11450 10200 15100 15100 15100 15100 4500 4500 4500
1800 2300 700 12 208 907 1800 2300 700 6 210 908 1800 2300 700 0 1250 1900 1900 1250 1900 1250 7 2950 2450 4050 4750 4958 3843 2950 2450 4050 4750 4960 3842 2950 2450 4050 4750 6000 6650 6650 6000 6650 6000 4750 7700 7200 8800 9500 9708 8593 7700 7200 8800 9500 9710 8592 7700 7200 8800 9500 10750 11400 11400 10750 11400 10750 9500 14400 14400 14400 14400 5200 5200 5200
3050 3550 1950 1250 1042 2157 3050 3550 1950 1250 1040 2158 3050 3550 1950 1250 0 650 650 3 650 5 1250 1700 1200 2800 3500 3708 2593 1700 1200 2800 3500 3710 2592 1700 1200 2800 3500 4750 5400 5400 4750 5400 4750 3500 6450 5950 7550 8250 8458 7343 6450 5950 7550 8250 8460 7342 6450 5950 7550 8250 9500 10150 10150 9500 10150 9500 8250 13150 13150 13150 13150 6450 6450 6450
3700 4200 2600 1900 1692 2807 3700 4200 2600 1900 1690 2808 3700 4200 2600 1900 650 0 1 650 3 650 1900 1050 550 2150 2850 3058 1943 1050 550 2150 2850 3060 1942 1050 550 2150 2850 4100 4750 4750 4100 4750 4100 2850 5800 5300 6900 7600 7808 6693 5800 5300 6900 7600 7810 6692 5800 5300 6900 7600 8850 9500 9500 8850 9500 8850 7600 12500 12500 12500 12500 7100 7100 7100
3700 4200 2600 1900 1692 2807 3700 4200 2600 1900 1690 2808 3700 4200 2600 1900 650 1 0 650 2 650 1900 1050 550 2150 2850 3058 1943 1050 550 2150 2850 3060 1942 1050 550 2150 2850 4100 4750 4750 4100 4750 4100 2850 5800 5300 6900 7600 7808 6693 5800 5300 6900 7600 7810 6692 5800 5300 6900 7600 8850 9500 9500 8850 9500 8850 7600 12500 12500 12500 12500 7100 7100 7100
3050 3550 1950 1250 1042 2157 3050 3550 1950 1250 1040 2158 3050 3550 1950 1250 3 650 650 0 650 2 1250 1700 1200 2800 3500 3708 2593 1700 1200 2800 3500 3710 2592 1700 1200 2800 3500 4750 5400 5400 4750 5400 4750 3500 6450 5950 7550 8250 8458 7343 6450 5950 7550 8250 8460 7342 6450 5950 7550 8250 9500 10150 10150 9500 10150 9500 8250 13150 13150 13150 13150 6450 6450 6450
3700 4200 2600 1900 1692 2807 3700 4200 2600 1900 1690 2808 3700 4200 2600 1900 650 3 2 650 0 650 1900 1050 550 2150 2850 3058 1943 1050 550 2150 2850 3060 1942 1050 550 2150 2850 4100 4750 4750 4100 4750 4100 2850 5800 5300 6900 7600 7808 6693 5800 5300 6900 7600 7810 6692 5800 5300 6900 7600 8850 9500 9500 8850 9500 8850 7600 12500 12500 12500 12500 7100 7100 7100
3050 3550 1950 1250 1042 2157 3050 3550 1950 1250 1040 2158 3050 3550 1950 1250 5 650 650 2 650 0 1250 1700 1200 2800 3500 3708 2593 1700 1200 2800 3500 3710 2592 1700 1200 2800 3500 4750 5400 5400 4750 5400 4750 3500 6450 5950 7550 8250 8458 7343 6450 5950 7550 8250 8460 7342 6450 5950 7550 8250 9500 10150 10150 9500 10150 9500 8250 13150 13150 13150 13150 6450 6450 6450
1800 2300 700 19 209 907 1800 2300 700 13 210 908 1800 2300 700 7 1250 1900 1900 1250 1900 1250 0 2950 2450 4050 4750 4958 3843 2950 2450 4050 4750 4960 3842 2950 2450 4050 4750 6000 6650 6650 6000 6650 6000 4750 7700 7200 8800 9500 9708 8593 7700 7200 8800 9500 9710 8592 7700 7200 8800 9500 10750 11400 11400 10750 11400 10750 9500 14400 14400 14400 14400 5200 5200 5200
4750 5250 3650 2950 2742 3857 4750 5250 3650 2950 2740 3858 4750 5250 3650 2950 1700 1050 1050 1700 1050 1700 2950 0 500 1100 1800 2008 893 6 500 1100 1800 2010 892 12 500 1100 1800 3050 3700 3700 3050 3700 3050 1800 4750 4250 5850 6550 6758 5643 4750 4250 5850 6550 6760 5642 4750 4250 5850 6550 7800 8450 8450 7800 8450 7800 6550 11450 11450 11450 11450 8150 8150 8150
4250 4750 3150 2450 2242 3357 4250 4750 3150 2450 2240 3358 4250 4750 3150 2450 1200 550 550 1200 550 1200 2450 500 0 1600 2300 2508 1393 500 6 1600 2300 2510 1392 500 12 1600 2300 3550 4200 4200 3550 4200 3550 2300 5250 4750 6350 7050 7258 6143 5250 4750 6350 7050 7260 6142 5250 4750 6350 7050 8300 8950 8950 8300 8950 8300 7050 11950 11950 11950 11950 7650 7650 7650
5850 6350 4750 4050 3842 4957 5850 6350 4750 4050 3840 4958 5850 6350 4750 4050 2800 2150 2150 2800 2150 2800 4050 1100 1600 0 700 908 207 1100 1600 6 700 910 208 1100 1600 12 700 1950 2600 2600 1950 2600 1950 700 3650 3150 4750 5450 5658 4543 3650 3150 4750 5450 5660 4542 3650 3150 4750 5450 6700 7350 7350 6700 7350 6700 5450 10350 10350 10350 10350 9250 9250 9250
6550 7050 5450 4750 4542 5657 6550 7050 5450 4750 4540 5658 6550 7050 5450 4750 3500 2850 2850 3500 2850 3500 4750 1800 2300 700 0 208 907 1800 2300 700 6 210 908 1800 2300 700 12 1250 1900 1900 1250 1900 1250 19 2950 2450 4050 4750 4958 3843 2950 2450 4050 4750 4960 3842 2950 2450 4050 4750 6000 6650 6650 6000 6650 6000 4750 9650 9650 9650 9650 9950 9950 9950
6758 7258 5658 4958 4750 5865 6758 7258 5658 4958 4748 5866 6758 7258 5658 4958 3708 3058 3058 3708 3058 3708 4958 2008 2508 908 208 0 1115 2008 2508 908 208 6 1116 2008 2508 908 208 1042 1692 1692 1042 1692 1042 209 2742 2242 3842 4542 4750 3635 2742 2242 3842 4542 4752 3634 2742 2242 3842 4542 5792 6442 6442 5792 6442 5792 4542 9442 9442 9442 9442 10158 10158 10158
5643 6143 4543 3843 3635 4750 5643 6143 4543 3843 3633 4751 5643 6143 4543 3843 2593 1943 1943 2593 1943 2593 3843 893 1393 207 907 1115 0 893 1393 207 907 1117 6 893 1393 207 907 2157 2807 2807 2157 2807 2157 907 3857 3357 4957 5657 5865 4750 3857 3357 4957 5657 5867 4749 3857 3357 4957 5657 6907 7557 7557 6907 7557 6907 5657 10557 10557 10557 10557 9043 9043 9043
4750 5250 3650 2950 2742 3857 4750 5250 3650 2950 2740 3858 4750 5250 3650 2950 1700 1050 1050 1700 1050 1700 2950 6 500 1100 1800 2008 893 0 500 1100 1800 2010 892 6 500 1100 1800 3050 3700 3700 3050 3700 3050 1800 4750 4250 5850 6550 6758 5643 4750 4250 5850 6550 6760 5642 4750 4250 5850 6550 7800 8450 8450 7800 8450 7800 6550 11450 11450 11450 11450 8150 8150 8150
4250 4750 3150 2450 2242 3357 4250 4750 3150 2450 2240 3358 4250 4750 3150 2450 1200 550 550 1200 550 1200 2450 500 6 1600 2300 2508 1393 500 0 1600 2300 2510 1392 500 6 1600 2300 3550 4200 4200 3550 4200 3550 2300 5250 4750 6350 7050 7258 6143 5250 4750 6350 7050 7260 6142 5250 4750 6350 7050 8300 8950 8950 8300 8950 8300 7050 11950 11950 11950 11950 7650 7650 7650
5850 6350 4750 4050 3842 4957 5850 6350 4750 4050 3840 4958 5850 6350 4750 4050 2800 2150 2150 2800 2150 2800 4050 1100 1600 6 700 908 207 1100 1600 0 700 910 208 1100 1600 6 700 1950 2600 2600 1950 2600 1950 700 3650 3150 4750 5450 5658 4543 3650 3150 4750 5450 5660 4542 3650 3150 4750 5450 6700 7350 7350 6700 7350 6700 5450 10350 10350 10350 10350 9250 9250 9250
6550 7050 5450 4750 4542 5657 6550 7050 5450 4750 4540 5658 6550 7050 5450 4750 3500 2850 2850 3500 2850 3500 4750 1800 2300 700 6 208 907 1800 2300 700 0 210 908 1800 2300 700 6 1250 1900 1900 1250 1900 1250 13 2950 2450 4050 4750 4958 3843 2950 2450 4050 4750 4960 3842 2950 2450 4050 4750 6000 6650 6650 6000 6650 6000 4750 9650 9650 9650 9650 9950 9950 9950
6760 7260 5660 4960 4752 5867 6760 7260 5660 4960 4750 5868 6760 7260 5660 4960 3710 3060 3060 3710 3060 3710 4960 2010 2510 910 210 6 1117 2010 2510 910 210 0 1118 2010 2510 910 210 1040 1690 1690 1040 1690 1040 210 2740 2240 3840 4540 4748 3633 2740 2240 3840 4540 4750 3632 2740 2240 3840 4540 5790 6440 6440 5790 6440 5790 4540 9440 9440 9440 9440 10160 10160 10160
5642 6142 4542 3842 3634 4749 5642 6142 4542 3842 3632 4750 5642 6142 4542 3842 2592 1942 1942 2592 1942 2592 3842 892 1392 208 908 1116 6 892 1392 208 908 1118 0 892 1392 208 908 2158 2808 2808 2158 2808 2158 908 3858 3358 4958 5658 5866 4751 3858 3358 4958 5658 5868 4750 3858 3358 4958 5658 6908 7558 7558 6908 7558 6908 5658 10558 10558 10558 10558 9042 9042 9042
4750 5250 3650 2950 2742 3857 4750 5250 3650 2950 2740 3858 4750 5250 3650 2950 1700 1050 1050 1700 1050 1700 2950 12 500 1100 1800 2008 893 6 500 1100 1800 2010 892 0 500 1100 1800 3050 3700 3700 3050 3700 3050 1800 4750 4250 5850 6550 6758 5643 4750 4250 5850 6550 6760 5642 4750 4250 5850 6550 7800 8450 8450 7800 8450 7800 6550 11450 11450 11450 11450 8150 8150 8150
4250 4750 3150 2450 2242 3357 4250 4750 3150 2450 2240 3358 4250 4750 3150 2450 1200 550 550 1200 550 1200 2450 500 12 1600 2300 2508 1393 500 6 1600 2300 2510 1392 500 0 1600 2300 3550 4200 4200 3550 4200 3550 2300 5250 4750 6350 7050 7258 6143 5250 4750 6350 7050 7260 6142 5250 4750 6350 7050 8300 8950 8950 8300 8950 8300 7050 11950 11950 11950 11950 7650 7650 7650
5850 6350 4750 4050 3842 4957 5850 6350 4750 4050 3840 4958 5850 6350 4750 4050 2800 2150 2150 2800 2150 2800 4050 1100 1600 12 700 908 207 1100 1600 6 700 910 208 1100 1600 0 700 1950 2600 2600 1950 2600 1950 700 3650 3150 4750 5450 5658 4543 3650 3150 4750 5450 5660 4542 3650 3150 4750 5450 6700 7350 7350 6700 7350 6700 5450 10350 10350 10350 10350 9250 9250 9250
6550 7050 5450 4750 4542 5657 6550 7050 5450 4750 4540 5658 6550 7050 5450 4750 3500 2850 2850 3500 2850 3500 4750 1800 2300 700 12 208 907 1800 2300 700 6 210 908 1800 2300 700 0 1250 1900 1900 1250 1900 1250 7 2950 2450 4050 4750 4958 3843 2950 2450 4050 4750 4960 3842 2950 2450 4050 4750 6000 6650 6650 6000 6650 6000 4750 9650 9650 9650 9650 9950 9950 9950
7800 8300 6700 6000 5792 6907 7800 8300 6700 6000 5790 6908 7800 8300 6700 6000 4750 4100 4100 4750 4100 4750 6000 3050 3550 1950 1250 1042 2157 3050 3550 1950 1250 1040 2158 3050 3550 1950 1250 0 650 650 3 650 5 1250 1700 1200 2800 3500 3708 2593 1700 1200 2800 3500 3710 2592 1700 1200 2800 3500 4750 5400 5400 4750 5400 4750 3500 8400 8400 8400 8400 11200 11200 11200
8450 8950 7350 6650 6442 7557 8450 8950 7350 6650 6440 7558 8450 8950 7350 6650 5400 4750 4750 5400 4750 5400 6650 3700 4200 2600 1900 1692 2807 3700 4200 2600 1900 1690 2808 3700 4200 2600 1900 650 0 1 650 3 650 1900 1050 550 2150 2850 3058 1943 1050 550 2150 2850 3060 1942 1050 550 2150 2850 4100 4750 4750 4100 4750 4100 2850 7750 7750 7750 7750 11850 11850 11850
8450 8950 7350 6650 6442 7557 8450 8950 7350 6650 6440 7558 8450 8950 7350 6650 5400 4750 4750 5400 4750 5400 6650 3700 4200 2600 1900 1692 2807 3700 4200 2600 1900 1690 2808 3700 4200 2600 1900 650 1 0 650 2 650 1900 1050 550 2150 2850 3058 1943 1050 550 2150 2850 3060 1942 1050 550 2150 2850 4100 4750 4750 4100 4750 4100 2850 7750 7750 7750 7750 11850 11850 11850
7800 8300 6700 6000 5792 6907 7800 8300 6700 6000 5790 6908 7800 8300 6700 6000 4750 4100 4100 4750 4100 4750 6000 3050 3550 1950 1250 1042 2157 3050 3550 1950 1250 1040 2158 3050 3550 1950 1250 3 650 650 0 650 2 1250 1700 1200 2800 3500 3708 2593 1700 1200 2800 3500 3710 2592 1700 1200 2800 3500 4750 5400 5400 4750 5400 4750 3500 8400 8400 8400 8400 11200 11200 11200
8450 8950 7350 6650 6442 7557 8450 8950 7350 6650 6440 7558 8450 8950 7350 6650 5400 4750 4750 5400 4750 5400 6650 3700 4200 2600 1900 1692 2807 3700 4200 2600 1900 1690 2808 3700 4200 2600 1900 650 3 2 650 0 650 1900 1050 550 2150 2850 3058 1943 1050 550 2150 2850 3060 1942 1050 550 2150 2850 4100 4750 4750 4100 4750 4100 2850 7750 7750 7750 7750 11850 11850 11850
7800 8300 6700 6000 5792 6907 7800 8300 6700 6000 5790 6908 7800 8300 6700 6000 4750 4100 4100 4750 4100 4750 6000 3050 3550 1950 1250 1042 2157 3050 3550 1950 1250 1040 2158 3050 3550 1950 1250 5 650 650 2 650 0 1250 1700 1200 2800 3500 3708 2593 1700 1200 2800 3500 3710 2592 1700 1200 2800 3500 4750 5400 5400 4750 5400 4750 3500 8400 8400 8400 8400 11200 11200 11200
6550 7050 5450 4750 4542 5657 6550 7050 5450 4750 4540 5658 6550 7050 5450 4750 3500 2850 2850 3500 2850 3500 4750 1800 2300 700 19 209 907 1800 2300 700 13 210 908 1800 2300 700 7 1250 1900 1900 1250 1900 1250 0 2950 2450 4050 4750 4958 3843 2950 2450 4050 4750 4960 3842 2950 2450 4050 4750 6000 6650 6650 6000 6650 6000 4750 9650 9650 9650 9650 9950 9950 9950
9500 10000 8400 7700 7492 8607 9500 10000 8400 7700 7490 8608 9500 10000 8400 7700 6450 5800 5800 6450 5800 6450 7700 4750 5250 3650 2950 2742 3857 4750 5250 3650 2950 2740 3858 4750 5250 3650 2950 1700 1050 1050 1700 1050 1700 2950 0 500 1100 1800 2008 893 6 500 1100 1800 2010 892 12 500 1100 1800 3050 3700 3700 3050 3700 3050 1800 6700 6700 6700 6700 12900 12900 12900
9000 9500 7900 7200 6992 8107 9000 9500 7900 7200 6990 8108 9000 9500 7900 7200 5950 5300 5300 5950 5300 5950 7200 4250 4750 3150 2450 2242 3357 4250 4750 3150 2450 2240 3358 4250 4750 3150 2450 1200 550 550 1200 550 1200 2450 500 0 1600 2300 2508 1393 500 6 1600 2300 2510 1392 500 12 1600 2300 3550 4200 4200 3550 4200 3550 2300 7200 7200 7200 7200 12400 12400 12400
10600 11100 9500 8800 8592 9707 10600 11100 9500 8800 8590 9708 10600 11100 9500 8800 7550 6900 6900 7550 6900 7550 8800 5850 6350 4750 4050 3842 4957 5850 6350 4750 4050 3840 4958 5850 6350 4750 4050 2800 2150 2150 2800 2150 2800 4050 1100 1600 0 700 908 207 1100 1600 6 700 910 208 1100 1600 12 700 1950 2600 2600 1950 2600 1950 700 5600 5600 5600 5600 14000 14000 14000
11300 11800 10200 9500 9292 10407 11300 11800 10200 9500 9290 10408 11300 11800 10200 9500 8250 7600 7600 8250 7600 8250 9500 6550 7050 5450 4750 4542 5657 6550 7050 5450 4750 4540 5658 6550 7050 5450 4750 3500 2850 2850 3500 2850 3500 4750 1800 2300 700 0 208 907 1800 2300 700 6 210 908 1800 2300 700 12 1250 1900 1900 1250 1900 1250 19 4900 4900 4900 4900 14700 14700 14700
11508 12008 10408 9708 9500 10615 11508 12008 10408 9708 9498 10616 11508 12008 10408 9708 8458 7808 7808 8458 7808 8458 9708 6758 7258 5658 4958 4750 5865 6758 7258 5658 4958 4748 5866 6758 7258 5658 4958 3708 3058 3058 3708 3058 3708 4958 2008 2508 908 208 0 1115 2008 2508 908 208 6 1116 2008 2508 908 208 1042 1692 1692 1042 1692 1042 209 4692 4692 4692 4692 14908 14908 14908
10393 10893 9293 8593 8385 9500 10393 10893 9293 8593 8383 9501 10393 10893 9293 8593 7343 6693 6693 7343 6693 7343 8593 5643 6143 4543 3843 3635 4750 5643 6143 4543 3843 3633 4751 5643 6143 4543 3843 2593 1943 1943 2593 1943 2593 3843 893 1393 207 907 1115 0 893 1393 207 907 1117 6 893 1393 207 907 2157 2807 2807 2157 2807 2157 907 5807 5807 5807 5807 13793 13793 13793
9500 10000 8400 7700 7492 8607 9500 10000 8400 7700 7490 8608 9500 10000 8400 7700 6450 5800 5800 6450 5800 6450 7700 4750 5250 3650 2950 2742 3857 4750 5250 3650 2950 2740 3858 4750 5250 3650 2950 1700 1050 1050 1700 1050 1700 2950 6 500 1100 1800 2008 893 0 500 1100 1800 2010 892 6 500 1100 1800 3050 3700 3700 3050 3700 3050 1800 6700 6700 6700 6700 12900 12900 12900
9000 9500 7900 7200 6992 8107 9000 9500 7900 7200 6990 8108 9000 9500 7900 7200 5950 5300 5300 5950 5300 5950 7200 4250 4750 3150 2450 2242 3357 4250 4750 3150 2450 2240 3358 4250 4750 3150 2450 1200 550 550 1200 550 1200 2450 500 6 1600 2300 2508 1393 500 0 1600 2300 2510 1392 500 6 1600 2300 3550 4200 4200 3550 4200 3550 2300 7200 7200 7200 7200 12400 12400 12400
10600 11100 9500 8800 8592 9707 10600 11100 9500 8800 8590 9708 10600 11100 9500 8800 7550 6900 6900 7550 6900 7550 8800 5850 6350 4750 4050 3842 4957 5850 6350 4750 4050 3840 4958 5850 6350 4750 4050 2800 2150 2150 2800 2150 2800 4050 1100 1600 6 700 908 207 1100 1600 0 700 910 208 1100 1600 6 700 1950 2600 2600 1950 2600 1950 700 5600 5600 5600 5600 14000 14000 14000
11300 11800 10200 9500 9292 10407 11300 11800 10200 9500 9290 10408 11300 11800 10200 9500 8250 7600 7600 8250 7600 8250 9500 6550 7050 5450 4750 4542 5657 6550 7050 5450 4750 4540 5658 6550 7050 5450 4750 3500 2850 2850 3500 2850 3500 4750 1800 2300 700 6 208 907 1800 2300 700 0 210 908 1800 2300 700 6 1250 1900 1900 1250 1900 1250 13 4900 4900 4900 4900 14700 14700 14700
11510 12010 10410 9710 9502 10617 11510 12010 10410 9710 9500 10618 11510 12010 10410 9710 8460 7810 7810 8460 7810 8460 9710 6760 7260 5660 4960 4752 5867 6760 7260 5660 4960 4750 5868 6760 7260 5660 4960 3710 3060 3060 3710 3060 3710 4960 2010 2510 910 210 6 1117 2010 2510 910 210 0 1118 2010 2510 910 210 1040 1690 1690 1040 1690 1040 210 4690 4690 4690 4690 14910 14910 14910
10392 10892 9292 8592 8384 9499 10392 10892 9292 8592 8382 9500 10392 10892 9292 8592 7342 6692 6692 7342 6692 7342 8592 5642 6142 4542 3842 3634 4749 5642 6142 4542 3842 3632 4750 5642 6142 4542 3842 2592 1942 1942 2592 1942 2592 3842 892 1392 208 908 1116 6 892 1392 208 908 1118 0 892 1392 208 908 2158 2808 2808 2158 2808 2158 908 5808 5808 5808 5808 13792 13792 13792
9500 10000 8400 7700 7492 8607 9500 10000 8400 7700 7490 8608 9500 10000 8400 7700 6450 5800 5800 6450 5800 6450 7700 4750 5250 3650 2950 2742 3857 4750 5250 3650 2950 2740 3858 4750 5250 3650 2950 1700 1050 1050 1700 1050 1700 2950 12 500 1100 1800 2008 893 6 500 1100 1800 2010 892 0 500 1100 1800 3050 3700 3700 3050 3700 3050 1800 6700 6700 6700 6700 12900 12900 12900
9000 9500 7900 7200 6992 8107 9000 9500 7900 7200 6990 8108 9000 9500 7900 7200 5950 5300 5300 5950 5300 5950 7200 4250 4750 3150 2450 2242 3357 4250 4750 3150 2450 2240 3358 4250 4750 3150 2450 1200 550 550 1200 550 1200 2450 500 12 1600 2300 2508 1393 500 6 1600 2300 2510 1392 500 0 1600 2300 3550 4200 4200 3550 4200 3550 2300 7200 7200 7200 7200 12400 12400 12400
10600 11100 9500 8800 8592 9707 10600 11100 9500 8800 8590 9708 10600 11100 9500 8800 7550 6900 6900 7550 6900 7550 8800 5850 6350 4750 4050 3842 4957 5850 6350 4750 4050 3840 4958 5850 6350 4750 4050 2800 2150 2150 2800 2150 2800 4050 1100 1600 12 700 908 207 1100 1600 6 700 910 208 1100 1600 0 700 1950 2600 2600 1950 2600 1950 700 5600 5600 5600 5600 14000 14000 14000
11300 11800 10200 9500 9292 10407 11300 11800 10200 9500 9290 10408 11300 11800 10200 9500 8250 7600 7600 8250 7600 8250 9500 6550 7050 5450 4750 4542 5657 6550 7050 5450 4750 4540 5658 6550 7050 5450 4750 3500 2850 2850 3500 2850 3500 4750 1800 2300 700 12 208 907 1800 2300 700 6 210 908 1800 2300 700 0 1250 1900 1900 1250 1900 1250 7 4900 4900 4900 4900 14700 14700 14700
12550 13050 11450 10750 10542 11657 12550 13050 11450 10750 10540 11658 12550 13050 11450 10750 9500 8850 8850 9500 8850 9500 10750 7800 8300 6700 6000 5792 6907 7800 8300 6700 6000 5790 6908 7800 8300 6700 6000 4750 4100 4100 4750 4100 4750 6000 3050 3550 1950 1250 1042 2157 3050 3550 1950 1250 1040 2158 3050 3550 1950 1250 0 650 650 3 650 5 1250 3650 3650 3650 3650 15950 15950 15950
13200 13700 12100 11400 11192 12307 13200 13700 12100 11400 11190 12308 13200 13700 12100 11400 10150 9500 9500 10150 9500 10150 11400 8450 8950 7350 6650 6442 7557 8450 8950 7350 6650 6440 7558 8450 8950 7350 6650 5400 4750 4750 5400 4750 5400 6650 3700 4200 2600 1900 1692 2807 3700 4200 2600 1900 1690 2808 3700 4200 2600 1900 650 0 1 650 3 650 1900 3000 3000 3000 3000 16600 16600 16600
13200 13700 12100 11400 11192 12307 13200 13700 12100 11400 11190 12308 13200 13700 12100 11400 10150 9500 9500 10150 9500 10150 11400 8450 8950 7350 6650 6442 7557 8450 8950 7350 6650 6440 7558 8450 8950 7350 6650 5400 4750 4750 5400 4750 5400 6650 3700 4200 2600 1900 1692 2807 3700 4200 2600 1900 1690 2808 3700 4200 2600 1900 650 1 0 650 2 650 1900 3000 3000 3000 3000 16600 16600 16600
12550 13050 11450 10750 10542 11657 12550 13050 11450 10750 10540 11658 12550 13050 11450 10750 9500 8850 8850 9500 8850 9500 10750 7800 8300 6700 6000 5792 6907 7800 8300 6700 6000 5790 6908 7800 8300 6700 6000 4750 4100 4100 4750 4100 4750 6000 3050 3550 1950 1250 1042 2157 3050 3550 1950 1250 1040 2158 3050 3550 1950 1250 3 650 650 0 650 2 1250 3650 3650 3650 3650 15950 15950 15950
13200 13700 12100 11400 11192 12307 13200 13700 12100 11400 11190 12308 13200 13700 12100 11400 10150 9500 9500 10150 9500 10150 11400 8450 8950 7350 6650 6442 7557 8450 8950 7350 6650 6440 7558 8450 8950 7350 6650 5400 4750 4750 5400 4750 5400 6650 3700 4200 2600 1900 1692 2807 3700 4200 2600 1900 1690 2808 3700 4200 2600 1900 650 3 2 650 0 650 1900 3000 3000 3000 3000 16600 16600 16600
12550 13050 11450 10750 10542 11657 12550 13050 11450 10750 10540 11658 12550 13050 11450 10750 9500 8850 8850 9500 8850 9500 10750 7800 8300 6700 6000 5792 6907 7800 8300 6700 6000 5790 6908 7800 8300 6700 6000 4750 4100 4100 4750 4100 4750 6000 3050 3550 1950 1250 1042 2157 3050 3550 1950 1250 1040 2158 3050 3550 1950 1250 5 650 650 2 650 0 1250 3650 3650 3650 3650 15950 15950 15950
11300 11800 10200 9500 9292 10407 11300 11800 10200 9500 9290 10408 11300 11800 10200 9500 8250 7600 7600 8250 7600 8250 9500 6550 7050 5450 4750 4542 5657 6550 7050 5450 4750 4540 5658 6550 7050 5450 4750 3500 2850 2850 3500 2850 3500 4750 1800 2300 700 19 209 907 1800 2300 700 13 210 908 1800 2300 700 7 1250 1900 1900 1250 1900 1250 0 4900 4900 4900 4900 14700 14700 14700
16200 16700 15100 14400 14192 15307 16200 16700 15100 14400 14190 15308 16200 16700 15100 14400 13150 12500 12500 13150 12500 13150 14400 11450 11950 10350 9650 9442 10557 11450 11950 10350 9650 9440 10558 11450 11950 10350 9650 8400 7750 7750 8400 7750 8400 9650 6700 7200 5600 4900 4692 5807 6700 7200 5600 4900 4690 5808 6700 7200 5600 4900 3650 3000 3000 3650 3000 3650 4900 0 1 2 3 19600 19600 19600
16200 16700 15100 14400 14192 15307 16200 16700 15100 14400 14190 15308 16200 16700 15100 14400 13150 12500 12500 13150 12500 13150 14400 11450 11950 10350 9650 9442 10557 11450 11950 10350 9650 9440 10558 11450 11950 10350 9650 8400 7750 7750 8400 7750 8400 9650 6700 7200 5600 4900 4692 5807 6700 7200 5600 4900 4690 5808 6700 7200 5600 4900 3650 3000 3000 3650 3000 3650 4900 1 0 1 2 19600 19600 19600
16200 16700 15100 14400 14192 15307 16200 16700 15100 14400 14190 15308 16200 16700 15100 14400 13150 12500 12500 13150 12500 13150 14400 11450 11950 10350 9650 9442 10557 11450 11950 10350 9650 9440 10558 11450 11950 10350 9650 8400 7750 7750 8400 7750 8400 9650 6700 7200 5600 4900 4692 5807 6700 7200 5600 4900 4690 5808 6700 7200 5600 4900 3650 3000 3000 3650 3000 3650 4900 2 1 0 1 19600 19600 19600
16200 16700 15100 14400 14192 15307 16200 16700 15100 14400 14190 15308 16200 16700 15100 14400 13150 12500 12500 13150 12500 13150 14400 11450 11950 10350 9650 9442 10557 11450 11950 10350 9650 9440 10558 11450 11950 10350 9650 8400 7750 7750 8400 7750 8400 9650 6700 7200 5600 4900 4692 5807 6700 7200 5600 4900 4690 5808 6700 7200 5600 4900 3650 3000 3000 3650 3000 3650 4900 3 2 1 0 19600 19600 19600
3401 2901 4501 5200 5408 4294 3401 2901 4500 5200 5410 4292 3401 2901 4500 5200 6450 7100 7100 6450 7100 6450 5200 8150 7650 9250 9950 10158 9043 8150 7650 9250 9950 10160 9042 8150 7650 9250 9950 11200 11850 11850 11200 11850 11200 9950 12900 12400 14000 14700 14908 13793 12900 12400 14000 14700 14910 13792 12900 12400 14000 14700 15950 16600 16600 15950 16600 15950 14700 19600 19600 19600 19600 0 1 2
3401 2901 4501 5200 5408 4294 3401 2901 4500 5200 5410 4292 3401 2901 4500 5200 6450 7100 7100 6450 7100 6450 5200 8150 7650 9250 9950 10158 9043 8150 7650 9250 9950 10160 9042 8150 7650 9250 9950 11200 11850 11850 11200 11850 11200 9950 12900 12400 14000 14700 14908 13793 12900 12400 14000 14700 14910 13792 12900 12400 14000 14700 15950 16600 16600 15950 16600 15950 14700 19600 19600 19600 19600 1 0 1
3401 2901 4501 5200 5408 4294 3401 2901 4500 5200 5410 4292 3401 2901 4500 5200 6450 7100 7100 6450 7100 6450 5200 8150 7650 9250 9950 10158 9043 8150 7650 9250 9950 10160 9042 8150 7650 9250 9950 11200 11850 11850 11200 11850 11200 9950 12900 12400 14000 14700 14908 13793 12900 12400 14000 14700 14910 13792 12900 12400 14000 14700 15950 16600 16600 15950 16600 15950 14700 19600 19600 19600 19600 2 1 0
