c 70 70
0 16 5 9 16 8 18 17 35 24 58 37 18 13 34 17 29 17 33 19 41 24 22 37 63 34 43 30 31 30 35 32 54 50 46 35 39 39 68 59 41 41 47 45 68 60 46 75 55 54 63 58 53 76 64 73 61 59 60 69 76 85 64 84 79 66 85 69 71 72
16 0 11 8 32 22 5 6 50 39 74 52 11 20 20 27 43 20 21 25 55 20 25 26 77 25 56 26 27 38 29 31 68 62 36 36 47 36 81 71 47 43 55 50 80 70 50 88 48 62 74 66 56 87 56 84 56 64 57 77 86 96 61 94 89 64 96 73 67 68
5 11 0 3 21 11 13 11 39 28 63 41 13 12 29 18 32 15 28 18 45 20 20 32 67 29 46 26 28 30 31 29 57 52 41 33 40 36 71 61 41 39 47 44 71 62 45 78 51 55 65 59 52 78 60 75 58 59 57 70 78 87 61 86 81 63 87 68 67 69
9 8 3 0 24 14 9 8 42 31 65 44 11 13 25 19 35 15 25 19 47 18 20 29 69 27 48 25 26 31 29 28 60 54 39 32 41 34 73 63 41 39 48 45 73 63 45 80 48 55 66 59 52 80 57 76 56 59 56 71 79 89 59 87 82 62 88 68 66 67
16 32 21 24 0 10 33 31 18 8 41 20 31 18 48 14 14 24 46 21 26 33 26 49 47 44 28 37 38 26 43 37 40 36 56 36 32 43 52 45 36 40 38 39 54 47 43 61 61 46 51 48 49 62 71 60 66 53 63 58 64 71 66 71 68 66 73 63 73 74
8 22 11 14 10 0 23 21 28 16 51 30 21 10 38 10 21 16 36 15 34 24 19 39 55 35 35 29 30 24 35 30 47 42 47 31 33 36 60 51 35 36 40 38 60 52 41 68 54 47 56 51 47 68 63 65 60 53 58 61 69 77 61 76 72 62 78 63 68 69
18 5 13 9 33 23 0 2 51 39 74 52 7 18 16 26 42 17 16 23 55 16 21 21 77 20 55 21 22 35 24 26 66 60 31 32 45 32 80 69 43 39 52 47 79 68 46 86 43 59 71 63 52 85 51 81 51 61 52 74 84 94 56 92 86 59 93 69 62 63
17 6 11 8 31 21 2 0 49 37 72 50 5 16 17 23 40 15 17 21 53 14 19 21 75 20 53 20 21 33 23 25 64 58 31 30 42 30 77 67 41 38 49 45 77 66 44 84 42 57 69 61 51 83 51 79 50 59 51 72 82 92 55 90 84 58 91 68 61 62
35 50 39 42 18 28 51 49 0 12 23 3 48 34 65 28 13 39 63 34 12 48 40 65 29 59 18 51 52 33 56 49 26 25 70 46 33 54 37 33 40 47 37 41 40 37 47 46 72 42 42 44 51 49 82 49 76 52 71 51 54 59 73 59 57 72 61 62 80 81
24 39 28 31 8 16 39 37 12 0 35 13 36 22 53 16 7 27 51 22 18 36 28 53 39 48 21 39 41 24 45 38 32 28 59 36 28 43 45 37 33 38 33 35 46 40 40 53 62 40 44 42 45 54 72 53 66 48 63 52 57 64 65 63 60 64 65 58 72 73
58 74 63 65 41 51 74 72 23 35 0 22 71 57 88 50 34 61 85 56 23 70 61 87 14 81 28 72 73 52 78 69 26 30 91 65 49 73 28 32 56 64 49 56 34 39 62 37 91 52 44 51 65 43 101 46 94 62 88 54 51 51 89 53 55 87 56 70 96 97
37 52 41 44 20 30 52 50 3 13 22 0 49 35 66 28 12 39 63 34 9 48 40 65 26 60 15 51 52 32 56 48 23 22 70 45 31 53 34 29 38 45 34 39 37 34 45 43 71 40 39 41 49 46 81 46 75 50 70 48 50 55 71 56 54 70 58 59 79 80
18 11 13 11 31 21 7 5 48 36 71 49 0 14 17 21 38 11 15 17 51 9 15 19 73 16 50 15 16 29 18 20 61 55 28 25 38 25 75 64 37 33 45 40 73 62 39 81 38 52 65 57 46 79 47 75 45 54 46 68 78 88 50 86 80 53 87 63 56 57
13 20 12 13 18 10 18 16 34 22 57 35 14 0 31 7 24 6 28 6 37 14 9 31 59 26 36 19 21 18 25 20 48 42 37 22 28 26 61 51 29 28 35 32 61 50 34 68 44 43 54 47 40 67 53 64 50 47 48 58 66 76 51 74 69 53 76 56 58 59
34 20 29 25 48 38 16 17 65 53 88 66 17 31 0 38 55 27 5 33 67 20 29 9 90 14 66 22 22 43 21 28 77 71 20 35 52 30 90 79 49 42 58 52 88 77 49 96 34 64 79 69 54 94 40 89 42 64 46 80 91 102 51 99 93 55 100 71 55 56
17 27 18 19 14 10 26 23 28 16 50 28 21 7 38 0 17 11 35 6 29 20 12 37 52 32 29 23 25 14 29 23 41 35 42 22 23 28 54 44 25 27 30 28 54 44 31 61 47 38 47 41 37 60 57 57 52 43 49 52 60 69 52 68 63 53 69 53 59 60
29 43 32 35 14 21 42 40 13 7 34 12 38 24 55 17 0 28 52 22 13 36 28 53 35 48 14 39 40 20 44 36 26 21 58 33 22 41 39 30 28 34 26 30 40 33 35 47 59 33 37 35 39 48 69 46 63 42 59 44 50 57 60 56 53 60 58 52 67 69
17 20 15 15 24 16 17 15 39 27 61 39 11 6 27 11 28 0 24 6 40 9 5 26 62 21 39 13 15 18 19 15 50 44 32 18 28 21 64 53 27 25 35 31 62 51 31 70 38 42 54 46 37 68 48 64 44 45 43 57 67 77 46 75 69 48 76 54 53 54
33 21 28 25 46 36 16 17 63 51 85 63 15 28 5 35 52 24 0 30 64 16 25 5 86 9 63 17 17 39 16 23 73 67 16 30 48 25 86 75 44 37 54 47 84 72 44 92 30 60 74 64 50 89 36 85 38 59 41 75 86 97 46 94 88 50 95 66 51 52
19 25 18 19 21 15 23 21 34 22 56 34 17 6 33 6 22 6 30 0 34 14 6 31 56 26 33 17 18 12 23 16 44 38 36 17 22 22 57 47 22 22 29 26 56 45 27 64 40 37 48 41 34 62 50 58 46 40 43 52 61 71 46 69 64 48 70 50 53 55
41 55 45 47 26 34 55 53 12 18 23 9 51 37 67 29 13 40 64 34 0 48 39 65 22 59 6 49 51 28 55 46 14 13 68 42 26 50 27 21 33 41 27 33 29 25 40 35 68 32 30 32 43 38 78 37 71 42 65 39 41 47 66 47 45 64 49 51 73 74
24 20 20 18 33 24 16 14 48 36 70 48 9 14 20 20 36 9 16 14 48 0 9 17 70 12 46 6 7 22 11 10 57 50 23 17 32 16 70 59 29 24 38 33 68 56 31 76 30 45 59 49 37 73 40 69 37 46 37 60 71 81 41 79 73 44 80 54 48 49
22 25 20 20 26 19 21 19 40 28 61 40 15 9 29 12 28 5 25 6 39 9 0 26 61 20 37 11 13 14 17 11 48 41 30 13 24 17 61 50 22 19 30 26 59 48 26 67 35 37 50 42 32 65 45 61 40 40 39 53 63 73 42 71 65 44 72 49 49 50
37 26 32 29 49 39 21 21 65 53 87 65 19 31 9 37 53 26 5 31 65 17 26 0 87 6 63 16 16 38 13 22 74 67 11 29 47 23 86 75 43 35 53 46 84 71 42 91 25 58 73 63 47 88 31 83 33 56 37 73 85 96 41 93 86 46 93 63 46 47
63 77 67 69 47 55 77 75 29 39 14 26 73 59 90 52 35 62 86 56 22 70 61 87 0 81 24 71 72 49 76 67 16 23 90 62 44 70 14 21 51 59 42 50 21 28 56 23 87 43 32 41 57 29 97 33 89 53 82 42 38 37 82 39 41 79 42 60 89 90
34 25 29 27 44 35 20 20 59 48 81 60 16 26 14 32 48 21 9 26 59 12 20 6 81 0 57 10 9 32 7 15 67 61 12 22 41 17 80 68 36 29 46 39 77 65 36 85 23 52 67 56 41 82 31 77 31 50 34 67 78 90 38 87 80 42 87 57 43 44
43 56 46 48 28 35 55 53 18 21 28 15 50 36 66 29 14 39 63 33 6 46 37 63 24 57 0 47 48 25 52 43 12 8 65 38 21 46 25 16 28 36 21 28 25 20 34 33 64 25 25 26 37 34 74 32 66 36 60 33 36 43 61 43 40 59 45 45 68 69
30 26 26 25 37 29 21 20 51 39 72 51 15 19 22 23 39 13 17 17 49 6 11 16 71 10 47 0 1 22 6 6 57 50 19 13 30 10 70 58 26 20 36 30 67 55 27 75 25 42 57 47 33 72 34 67 31 42 31 58 68 80 35 77 70 38 78 49 41 43
31 27 28 26 38 30 22 21 52 41 73 52 16 21 22 25 40 15 17 18 51 7 13 16 72 9 48 1 0 23 4 6 58 51 18 13 31 9 71 59 27 20 37 30 68 56 27 75 23 43 57 47 33 72 33 68 30 42 30 58 69 80 34 77 71 37 78 49 40 41
30 38 30 31 26 24 35 33 33 24 52 32 29 18 43 14 20 18 39 12 28 22 14 38 49 32 25 22 23 0 27 18 35 28 40 13 10 22 48 36 11 14 17 14 46 34 17 53 40 24 37 28 23 51 50 47 43 29 39 40 49 59 41 57 52 41 58 39 48 49
35 29 31 29 43 35 24 23 56 45 78 56 18 25 21 29 44 19 16 23 55 11 17 13 76 7 52 6 4 27 0 9 62 55 14 16 35 10 74 63 30 22 40 33 71 59 29 79 20 45 60 50 34 76 29 71 27 43 28 60 72 83 32 80 73 36 80 50 38 39
32 31 29 28 37 30 26 25 49 38 69 48 20 20 28 23 36 15 23 16 46 10 11 22 67 15 43 6 6 18 9 0 53 46 22 7 25 6 65 54 21 14 31 24 62 50 21 70 24 37 52 41 27 67 34 62 30 36 28 52 63 74 32 72 65 34 72 44 38 40
54 68 57 60 40 47 66 64 26 32 26 23 61 48 77 41 26 50 73 44 14 57 48 74 16 67 12 57 58 35 62 53 0 7 75 47 28 55 13 7 35 44 26 34 14 14 40 21 72 27 19 25 41 23 81 23 73 38 66 28 28 33 66 33 32 63 35 45 73 74
50 62 52 54 36 42 60 58 25 28 30 22 55 42 71 35 21 44 67 38 13 50 41 67 23 61 8 50 51 28 55 46 7 0 68 40 21 48 20 9 28 37 19 27 19 12 34 26 65 21 17 21 35 26 74 25 66 32 60 26 29 36 60 35 33 57 37 40 66 67
46 36 41 39 56 47 31 31 70 59 91 70 28 37 20 42 58 32 16 36 68 23 30 11 90 12 65 19 18 40 14 22 75 68 0 28 47 20 87 75 41 33 52 44 84 71 39 91 15 56 72 60 43 87 20 82 23 52 28 71 82 94 32 91 84 37 91 57 36 37
35 36 33 32 36 31 32 30 46 36 65 45 25 22 35 22 33 18 30 17 42 17 13 29 62 22 38 13 13 13 16 7 47 40 28 0 19 8 59 47 14 7 24 17 56 43 14 63 26 30 45 34 20 60 36 55 30 29 27 45 56 67 30 64 58 31 65 37 37 38
39 47 40 41 32 33 45 42 33 28 49 31 38 28 52 23 22 28 48 22 26 32 24 47 44 41 21 30 31 10 35 25 28 21 47 19 0 27 40 28 7 16 7 8 37 25 14 44 44 15 27 19 18 42 53 37 46 21 40 30 39 50 40 47 42 39 48 31 47 49
39 36 36 34 43 36 32 30 54 43 73 53 25 26 30 28 41 21 25 22 50 16 17 23 70 17 46 10 9 22 10 6 55 48 20 8 27 0 67 55 21 13 31 24 63 51 19 71 19 36 52 40 24 67 29 62 24 34 22 51 62 74 25 71 64 28 71 40 32 33
68 81 71 73 52 60 80 77 37 45 28 34 75 61 90 54 39 64 86 57 27 70 61 86 14 80 25 70 71 48 74 65 13 20 87 59 40 67 0 12 46 55 36 44 7 18 51 9 83 35 21 32 50 15 91 19 83 44 76 30 24 23 75 25 28 71 28 49 81 82
59 71 61 63 45 51 69 67 33 37 32 29 64 51 79 44 30 53 75 47 21 59 50 75 21 68 16 58 59 36 63 54 7 9 75 47 28 55 12 0 34 43 24 32 9 8 39 17 71 23 12 21 38 17 79 16 71 33 64 22 21 27 63 26 25 60 29 40 69 71
41 47 41 41 36 35 43 41 40 33 56 38 37 29 49 25 28 27 44 22 33 29 22 43 51 36 28 26 27 11 30 21 35 28 41 14 7 21 46 34 0 9 10 4 42 29 7 49 37 16 31 20 12 46 46 41 38 18 32 31 42 53 33 51 44 32 51 28 40 42
41 43 39 39 40 36 39 38 47 38 64 45 33 28 42 27 34 25 37 22 41 24 19 35 59 29 36 20 20 14 22 14 44 37 33 7 16 13 55 43 9 0 19 11 51 38 7 58 28 23 39 28 13 54 37 49 30 22 25 38 50 61 26 58 51 26 59 30 34 35
47 55 47 48 38 40 52 49 37 33 49 34 45 35 58 30 26 35 54 29 27 38 30 53 42 46 21 36 37 17 40 31 26 19 52 24 7 31 36 24 10 19 0 8 32 19 15 39 46 8 21 11 16 36 55 31 47 16 40 23 32 43 40 41 35 38 42 25 47 48
45 50 44 45 39 38 47 45 41 35 56 39 40 32 52 28 30 31 47 26 33 33 26 46 50 39 28 30 30 14 33 24 34 27 44 17 8 24 44 32 4 11 8 0 40 27 7 47 38 13 28 17 10 43 47 38 39 15 33 28 39 50 33 47 41 31 48 24 40 41
68 80 71 73 54 60 79 77 40 46 34 37 73 61 88 54 40 62 84 56 29 68 59 84 21 77 25 67 68 46 71 62 14 19 84 56 37 63 7 9 42 51 32 40 0 13 46 8 78 29 14 26 45 9 87 12 78 38 70 23 17 18 69 19 21 65 22 43 75 76
60 70 62 63 47 52 68 66 37 40 39 34 62 50 77 44 33 51 72 45 25 56 48 71 28 65 20 55 56 34 59 50 14 12 71 43 25 51 18 8 29 38 19 27 13 0 33 20 65 16 5 13 32 17 74 13 65 26 57 15 17 26 57 24 21 53 26 32 62 64
46 50 45 45 43 41 46 44 47 40 62 45 39 34 49 31 35 31 44 27 40 31 26 42 56 36 34 27 27 17 29 21 40 34 39 14 14 19 51 39 7 7 15 7 46 33 0 53 32 17 33 22 6 49 41 43 33 15 26 32 43 55 26 52 45 25 52 23 33 35
75 88 78 80 61 68 86 84 46 53 37 43 81 68 96 61 47 70 92 64 35 76 67 91 23 85 33 75 75 53 79 70 21 26 91 63 44 71 9 17 49 58 39 47 8 20 53 0 85 36 20 32 51 8 93 14 84 44 77 27 18 14 76 16 21 71 20 47 81 82
55 48 51 48 61 54 43 42 72 62 91 71 38 44 34 47 59 38 30 40 68 30 35 25 87 23 64 25 23 40 20 24 72 65 15 26 44 19 83 71 37 28 46 38 78 65 32 85 0 49 65 53 34 80 10 74 8 43 13 62 74 86 18 82 75 23 82 46 21 22
54 62 55 55 46 47 59 57 42 40 52 40 52 43 64 38 33 42 60 37 32 45 37 58 43 52 25 42 43 24 45 37 27 21 56 30 15 36 35 23 16 23 8 13 29 16 17 36 49 0 16 4 15 31 57 26 49 11 41 16 26 38 40 35 28 37 35 19 46 47
63 74 65 66 51 56 71 69 42 44 44 39 65 54 79 47 37 54 74 48 30 59 50 73 32 67 25 57 57 37 60 52 19 17 72 45 27 52 21 12 31 39 21 28 14 5 33 20 65 16 0 12 31 15 73 10 64 24 57 10 13 23 55 21 16 51 22 29 61 62
58 66 59 59 48 51 63 61 44 42 51 41 57 47 69 41 35 46 64 41 32 49 42 63 41 56 26 47 47 28 50 41 25 21 60 34 19 40 32 21 20 28 11 17 26 13 22 32 53 4 12 0 19 27 61 21 52 13 45 11 22 34 43 30 24 40 31 19 49 50
53 56 52 52 49 47 52 51 51 45 65 49 46 40 54 37 39 37 50 34 43 37 32 47 57 41 37 33 33 23 34 27 41 35 43 20 18 24 50 38 12 13 16 10 45 32 6 51 34 15 31 19 0 46 42 40 33 9 26 28 40 52 25 48 41 22 48 17 31 33
76 87 78 80 62 68 85 83 49 54 43 46 79 67 94 60 48 68 89 62 38 73 65 88 29 82 34 72 72 51 76 67 23 26 87 60 42 67 15 17 46 54 36 43 9 17 49 8 80 31 15 27 46 0 88 6 79 38 71 20 10 9 70 10 13 65 13 40 75 76
64 56 60 57 71 63 51 51 82 72 101 81 47 53 40 57 69 48 36 50 78 40 45 31 97 31 74 34 33 50 29 34 81 74 20 36 53 29 91 79 46 37 55 47 87 74 41 93 10 57 73 61 42 88 0 82 9 50 17 69 81 93 21 89 82 26 89 52 21 21
73 84 75 76 60 65 81 79 49 53 46 46 75 64 89 57 46 64 85 58 37 69 61 83 33 77 32 67 68 47 71 62 23 25 82 55 37 62 19 16 41 49 31 38 12 13 43 14 74 26 10 21 40 6 82 0 73 32 65 14 5 13 63 11 9 59 13 34 68 69
61 56 58 56 66 60 51 50 76 66 94 75 45 50 42 52 63 44 38 46 71 37 40 33 89 31 66 31 30 43 27 30 73 66 23 30 46 24 83 71 38 30 47 39 78 65 33 84 8 49 64 52 33 79 9 73 0 41 8 60 72 84 12 80 72 17 80 42 13 14
59 64 59 59 53 53 61 59 52 48 62 50 54 47 64 43 42 45 59 40 42 46 40 56 53 50 36 42 42 29 43 36 38 32 52 29 21 34 44 33 18 22 16 15 38 26 15 44 43 11 24 13 9 38 50 32 41 0 33 19 31 43 31 39 32 27 39 10 37 38
60 57 57 56 63 58 52 51 71 63 88 70 46 48 46 49 59 43 41 43 65 37 39 37 82 34 60 31 30 39 28 28 66 60 28 27 40 22 76 64 32 25 40 33 70 57 26 77 13 41 57 45 26 71 17 65 8 33 0 52 64 76 4 72 64 10 71 34 10 11
69 77 70 71 58 61 74 72 51 52 54 48 68 58 80 52 44 57 75 52 39 60 53 73 42 67 33 58 58 40 60 52 28 26 71 45 30 51 30 22 31 38 23 28 23 15 32 27 62 16 10 11 28 20 69 14 60 19 52 0 12 24 50 20 13 45 20 21 55 56
76 86 78 79 64 69 84 82 54 57 51 50 78 66 91 60 50 67 86 61 41 71 63 85 38 78 36 68 69 49 72 63 28 29 82 56 39 62 24 21 42 50 32 39 17 17 43 18 74 26 13 22 40 10 81 5 72 31 64 12 0 12 62 9 4 57 9 32 66 68
85 96 87 89 71 77 94 92 59 64 51 55 88 76 102 69 57 77 97 71 47 81 73 96 37 90 43 80 80 59 83 74 33 36 94 67 50 74 23 27 53 61 43 50 18 26 55 14 86 38 23 34 52 9 93 13 84 43 76 24 12 0 74 4 12 69 7 43 78 79
64 61 61 59 66 61 56 55 73 65 89 71 50 51 51 52 60 46 46 46 66 41 42 41 82 38 61 35 34 41 32 32 66 60 32 30 40 25 75 63 33 26 40 33 69 57 26 76 18 40 55 43 25 70 21 63 12 31 4 50 62 74 0 70 62 6 69 31 7 9
84 94 86 87 71 76 92 90 59 63 53 56 86 74 99 68 56 75 94 69 47 79 71 93 39 87 43 77 77 57 80 72 33 35 91 64 47 71 25 26 51 58 41 47 19 24 52 16 82 35 21 30 48 10 89 11 80 39 72 20 9 4 70 0 8 65 3 39 74 75
79 89 81 82 68 72 86 84 57 60 55 54 80 69 93 63 53 69 88 64 45 73 65 86 41 80 40 70 71 52 73 65 32 33 84 58 42 64 28 25 44 51 35 41 21 21 45 21 75 28 16 24 41 13 82 9 72 32 64 13 4 12 62 8 0 57 7 31 66 67
66 64 63 62 66 62 59 58 72 64 87 70 53 53 55 53 60 48 50 48 64 44 44 46 79 42 59 38 37 41 36 34 63 57 37 31 39 28 71 60 32 26 38 31 65 53 25 71 23 37 51 40 22 65 26 59 17 27 10 45 57 69 6 65 57 0 64 26 9 11
85 96 87 88 73 78 93 91 61 65 56 58 87 76 100 69 58 76 95 70 49 80 72 93 42 87 45 78 78 58 80 72 35 37 91 65 48 71 28 29 51 59 42 48 22 26 52 20 82 35 22 31 48 13 89 13 80 39 71 20 9 7 69 3 7 64 0 38 73 74
69 73 68 68 63 63 69 68 62 58 70 59 63 56 71 53 52 54 66 50 51 54 49 63 60 57 45 49 49 39 50 44 45 40 57 37 31 40 49 40 28 30 25 24 43 32 23 47 46 19 29 19 17 40 52 34 42 10 34 21 32 43 31 39 31 26 38 0 35 36
71 67 67 66 73 68 62 61 80 72 96 79 56 58 55 59 67 53 51 53 73 48 49 46 89 43 68 41 40 48 38 38 73 66 36 37 47 32 81 69 40 34 47 40 75 62 33 81 21 46 61 49 31 75 21 68 13 37 10 55 66 78 7 74 66 9 73 35 0 1
72 68 69 67 74 69 63 62 81 73 97 80 57 59 56 60 69 54 52 55 74 49 50 47 90 44 69 43 41 49 39 40 74 67 37 38 49 33 82 71 42 35 48 41 76 64 35 82 22 47 62 50 33 76 21 69 14 38 11 56 68 79 9 75 67 11 74 36 1 0
